65.0016 	31	
65.0063 	29	
65.0109 	33	
65.0156 	31	
65.0203 	44	
65.025 	45	
65.0297 	43	
65.0344 	53	
65.0391 	74	
65.0438 	45	
65.0484 	59	
65.0531 	77	
65.0578 	65	
65.0625 	79	
65.0672 	84	
65.0719 	82	
65.0766 	69	
65.0813 	96	
65.0859 	90	
65.0906 	103	
65.0953 	116	
65.1 	117	
65.1047 	129	
65.1094 	113	
65.1141 	135	
65.1187 	143	
65.1234 	125	
65.1281 	154	
65.1328 	160	
65.1375 	168	
65.1422 	185	
65.1469 	175	
65.1516 	207	
65.1562 	219	
65.1609 	242	
65.1656 	219	
65.1703 	239	
65.175 	227	
65.1797 	283	
65.1844 	275	
65.1891 	278	
65.1938 	315	
65.1984 	353	
65.2031 	330	
65.2078 	345	
65.2125 	364	
65.2172 	377	
65.2219 	396	
65.2266 	381	
65.2313 	459	
65.2359 	441	
65.2406 	468	
65.2453 	459	
65.25 	512	
65.2547 	563	
65.2594 	532	
65.2641 	559	
65.2687 	574	
65.2734 	633	
65.2781 	612	
65.2828 	609	
65.2875 	689	
65.2922 	720	
65.2969 	738	
65.3016 	764	
65.3062 	782	
65.3109 	783	
65.3156 	857	
65.3203 	904	
65.325 	880	
65.3297 	942	
65.3344 	913	
65.3391 	919	
65.3437 	1045	
65.3484 	1003	
65.3531 	1091	
65.3578 	1057	
65.3625 	1178	
65.3672 	1158	
65.3719 	1199	
65.3766 	1280	
65.3813 	1191	
65.3859 	1350	
65.3906 	1389	
65.3953 	1253	
65.4 	1321	
65.4047 	1397	
65.4094 	1441	
65.4141 	1466	
65.4188 	1408	
65.4234 	1518	
65.4281 	1557	
65.4328 	1571	
65.4375 	1617	
65.4422 	1525	
65.4469 	1627	
65.4516 	1681	
65.4562 	1662	
65.4609 	1717	
65.4656 	1668	
65.4703 	1693	
65.475 	1772	
65.4797 	1724	
65.4844 	1752	
65.4891 	1903	
65.4937 	1746	
65.4984 	1929	
65.5031 	1873	
65.5078 	1869	
65.5125 	1986	
65.5172 	1859	
65.5219 	1989	
65.5266 	1938	
65.5312 	1875	
65.5359 	2108	
65.5406 	1959	
65.5453 	2039	
65.55 	2098	
65.5547 	1987	
65.5594 	2046	
65.5641 	2086	
65.5688 	2132	
65.5734 	2113	
65.5781 	2048	
65.5828 	1967	
65.5875 	2067	
65.5922 	2045	
65.5969 	2136	
65.6016 	2093	
65.6063 	2108	
65.6109 	2259	
65.6156 	2061	
65.6203 	2109	
65.625 	2074	
65.6297 	2174	
65.6344 	2126	
65.6391 	2169	
65.6437 	2052	
65.6484 	2183	
65.6531 	2062	
65.6578 	2137	
65.6625 	2138	
65.6672 	2134	
65.6719 	2197	
65.6766 	2141	
65.6812 	2149	
65.6859 	2094	
65.6906 	2197	
65.6953 	2136	
65.7 	2150	
65.7047 	2235	
65.7094 	2187	
65.7141 	2059	
65.7188 	2063	
65.7234 	2157	
65.7281 	2040	
65.7328 	2174	
65.7375 	2166	
65.7422 	2151	
65.7469 	2062	
65.7516 	2129	
65.7563 	2242	
65.7609 	2070	
65.7656 	2091	
65.7703 	2259	
65.775 	2064	
65.7797 	2114	
65.7844 	2107	
65.7891 	2107	
65.7937 	2133	
65.7984 	2088	
65.8031 	2190	
65.8078 	2197	
65.8125 	2156	
65.8172 	2117	
65.8219 	2274	
65.8266 	2096	
65.8312 	2120	
65.8359 	2118	
65.8406 	2151	
65.8453 	2190	
65.85 	2048	
65.8547 	2194	
65.8594 	2058	
65.8641 	2131	
65.8687 	2099	
65.8734 	2091	
65.8781 	2093	
65.8828 	2173	
65.8875 	2125	
65.8922 	2148	
65.8969 	2163	
65.9016 	2089	
65.9063 	2213	
65.9109 	2063	
65.9156 	2164	
65.9203 	2103	
65.925 	2102	
65.9297 	2097	
65.9344 	2139	
65.9391 	2067	
65.9438 	2200	
65.9484 	2177	
65.9531 	2084	
65.9578 	2115	
65.9625 	1971	
65.9672 	2249	
65.9719 	2045	
65.9766 	2101	
65.9812 	2146	
65.9859 	2264	
65.9906 	2286	
65.9953 	2207	
66 	2090	
66.0047 	2168	
66.0094 	2123	
66.0141 	2025	
66.0187 	2208	
66.0234 	2053	
66.0281 	2149	
66.0328 	2189	
66.0375 	2116	
66.0422 	2091	
66.0469 	2119	
66.0516 	2075	
66.0562 	2152	
66.0609 	2185	
66.0656 	2168	
66.0703 	2122	
66.075 	2160	
66.0797 	2184	
66.0844 	2112	
66.0891 	2100	
66.0938 	2175	
66.0984 	2072	
66.1031 	2138	
66.1078 	2062	
66.1125 	2162	
66.1172 	2162	
66.1219 	2128	
66.1266 	2234	
66.1313 	2188	
66.1359 	2078	
66.1406 	2179	
66.1453 	2179	
66.15 	2180	
66.1547 	2111	
66.1594 	2182	
66.1641 	2265	
66.1687 	2162	
66.1734 	2194	
66.1781 	2174	
66.1828 	2201	
66.1875 	2170	
66.1922 	2117	
66.1969 	2077	
66.2016 	2276	
66.2062 	2039	
66.2109 	2127	
66.2156 	2235	
66.2203 	2168	
66.225 	2190	
66.2297 	2202	
66.2344 	2164	
66.2391 	2001	
66.2438 	2101	
66.2484 	2178	
66.2531 	2251	
66.2578 	2165	
66.2625 	2306	
66.2672 	2183	
66.2719 	2154	
66.2766 	2171	
66.2813 	2221	
66.2859 	2146	
66.2906 	2149	
66.2953 	2185	
66.3 	2246	
66.3047 	2140	
66.3094 	2185	
66.3141 	2238	
66.3188 	2167	
66.3234 	2203	
66.3281 	2219	
66.3328 	2118	
66.3375 	2201	
66.3422 	2198	
66.3469 	2130	
66.3516 	2173	
66.3562 	2265	
66.3609 	2228	
66.3656 	2175	
66.3703 	2146	
66.375 	2176	
66.3797 	2182	
66.3844 	2124	
66.3891 	2146	
66.3937 	2089	
66.3984 	2183	
66.4031 	2102	
66.4078 	2132	
66.4125 	2254	
66.4172 	2133	
66.4219 	2118	
66.4266 	2170	
66.4313 	2135	
66.4359 	2097	
66.4406 	2202	
66.4453 	2092	
66.45 	2251	
66.4547 	2185	
66.4594 	2268	
66.4641 	2180	
66.4688 	2222	
66.4734 	2119	
66.4781 	2138	
66.4828 	2096	
66.4875 	2100	
66.4922 	2031	
66.4969 	2297	
66.5016 	2146	
66.5062 	2133	
66.5109 	2177	
66.5156 	2156	
66.5203 	2195	
66.525 	2155	
66.5297 	1992	
66.5344 	2084	
66.5391 	2126	
66.5437 	2167	
66.5484 	2101	
66.5531 	2093	
66.5578 	2211	
66.5625 	2040	
66.5672 	2098	
66.5719 	2204	
66.5766 	2132	
66.5812 	2119	
66.5859 	2211	
66.5906 	2182	
66.5953 	2140	
66.6 	2141	
66.6047 	2138	
66.6094 	2216	
66.6141 	2166	
66.6188 	2198	
66.6234 	2128	
66.6281 	2240	
66.6328 	2166	
66.6375 	2129	
66.6422 	2119	
66.6469 	2164	
66.6516 	2161	
66.6563 	2187	
66.6609 	2174	
66.6656 	2097	
66.6703 	2148	
66.675 	2222	
66.6797 	2069	
66.6844 	2195	
66.6891 	2119	
66.6937 	2225	
66.6984 	2080	
66.7031 	2183	
66.7078 	2157	
66.7125 	2157	
66.7172 	2158	
66.7219 	2182	
66.7266 	2143	
66.7312 	2228	
66.7359 	2077	
66.7406 	2174	
66.7453 	2196	
66.75 	2149	
66.7547 	2071	
66.7594 	2143	
66.7641 	2214	
66.7688 	2228	
66.7734 	2244	
66.7781 	2230	
66.7828 	2321	
66.7875 	2129	
66.7922 	2198	
66.7969 	2064	
66.8016 	2087	
66.8063 	2158	
66.8109 	2092	
66.8156 	2100	
66.8203 	2135	
66.825 	2204	
66.8297 	2136	
66.8344 	2176	
66.8391 	2077	
66.8438 	2113	
66.8484 	2137	
66.8531 	2240	
66.8578 	2180	
66.8625 	2140	
66.8672 	2283	
66.8719 	2142	
66.8766 	2255	
66.8812 	2181	
66.8859 	2101	
66.8906 	2239	
66.8953 	2031	
66.9 	2093	
66.9047 	2213	
66.9094 	2086	
66.9141 	2209	
66.9187 	2268	
66.9234 	2221	
66.9281 	2208	
66.9328 	2125	
66.9375 	2168	
66.9422 	2187	
66.9469 	2261	
66.9516 	2150	
66.9563 	2214	
66.9609 	2130	
66.9656 	2173	
66.9703 	2140	
66.975 	2202	
66.9797 	2250	
66.9844 	2100	
66.9891 	2152	
66.9938 	2054	
66.9984 	2189	
67.0031 	2252	
67.0078 	2208	
67.0125 	2131	
67.0172 	2166	
67.0219 	2227	
67.0266 	2251	
67.0312 	2159	
67.0359 	2153	
67.0406 	2276	
67.0453 	2160	
67.05 	2174	
67.0547 	2220	
67.0594 	2211	
67.0641 	2244	
67.0687 	2214	
67.0734 	2215	
67.0781 	2170	
67.0828 	2115	
67.0875 	2239	
67.0922 	2142	
67.0969 	2168	
67.1016 	2265	
67.1062 	2182	
67.1109 	2121	
67.1156 	2223	
67.1203 	2161	
67.125 	2230	
67.1297 	2125	
67.1344 	2217	
67.1391 	2243	
67.1438 	2192	
67.1484 	2189	
67.1531 	2238	
67.1578 	2078	
67.1625 	2321	
67.1672 	2082	
67.1719 	2234	
67.1766 	2234	
67.1813 	2208	
67.1859 	2273	
67.1906 	2190	
67.1953 	2204	
67.2 	2333	
67.2047 	2209	
67.2094 	2256	
67.2141 	2192	
67.2187 	2237	
67.2234 	2301	
67.2281 	2153	
67.2328 	2172	
67.2375 	2093	
67.2422 	2235	
67.2469 	2165	
67.2516 	2210	
67.2562 	2169	
67.2609 	2187	
67.2656 	2325	
67.2703 	2146	
67.275 	2207	
67.2797 	2101	
67.2844 	2315	
67.2891 	2120	
67.2937 	2327	
67.2984 	2246	
67.3031 	2173	
67.3078 	2241	
67.3125 	2258	
67.3172 	2298	
67.3219 	2258	
67.3266 	2171	
67.3313 	2189	
67.3359 	2279	
67.3406 	2148	
67.3453 	2338	
67.35 	2268	
67.3547 	2253	
67.3594 	2249	
67.3641 	2259	
67.3688 	2240	
67.3734 	2279	
67.3781 	2242	
67.3828 	2340	
67.3875 	2233	
67.3922 	2273	
67.3969 	2373	
67.4016 	2259	
67.4062 	2311	
67.4109 	2180	
67.4156 	2273	
67.4203 	2311	
67.425 	2201	
67.4297 	2210	
67.4344 	2306	
67.4391 	2305	
67.4437 	2261	
67.4484 	2249	
67.4531 	2166	
67.4578 	2268	
67.4625 	2197	
67.4672 	2246	
67.4719 	2181	
67.4766 	2250	
67.4813 	2330	
67.4859 	2278	
67.4906 	2395	
67.4953 	2312	
67.5 	2228	
67.5047 	2198	
67.5094 	2276	
67.5141 	2230	
67.5188 	2402	
67.5234 	2162	
67.5281 	2187	
67.5328 	2273	
67.5375 	2250	
67.5422 	2222	
67.5469 	2172	
67.5516 	2229	
67.5562 	2328	
67.5609 	2263	
67.5656 	2228	
67.5703 	2182	
67.575 	2201	
67.5797 	2344	
67.5844 	2129	
67.5891 	2250	
67.5937 	2345	
67.5984 	2099	
67.6031 	2331	
67.6078 	2129	
67.6125 	2244	
67.6172 	2324	
67.6219 	2245	
67.6266 	2288	
67.6312 	2357	
67.6359 	2288	
67.6406 	2398	
67.6453 	2269	
67.65 	2197	
67.6547 	2277	
67.6594 	2171	
67.6641 	2233	
67.6688 	2296	
67.6734 	2271	
67.6781 	2354	
67.6828 	2275	
67.6875 	2198	
67.6922 	2347	
67.6969 	2195	
67.7016 	2236	
67.7063 	2181	
67.7109 	2264	
67.7156 	2326	
67.7203 	2202	
67.725 	2261	
67.7297 	2248	
67.7344 	2119	
67.7391 	2238	
67.7437 	2236	
67.7484 	2228	
67.7531 	2274	
67.7578 	2224	
67.7625 	2266	
67.7672 	2279	
67.7719 	2230	
67.7766 	2426	
67.7812 	2175	
67.7859 	2296	
67.7906 	2314	
67.7953 	2215	
67.8 	2277	
67.8047 	2314	
67.8094 	2281	
67.8141 	2351	
67.8187 	2203	
67.8234 	2296	
67.8281 	2341	
67.8328 	2187	
67.8375 	2358	
67.8422 	2228	
67.8469 	2192	
67.8516 	2212	
67.8563 	2339	
67.8609 	2268	
67.8656 	2328	
67.8703 	2289	
67.875 	2335	
67.8797 	2267	
67.8844 	2325	
67.8891 	2358	
67.8938 	2119	
67.8984 	2274	
67.9031 	2144	
67.9078 	2230	
67.9125 	2287	
67.9172 	2223	
67.9219 	2181	
67.9266 	2289	
67.9312 	2252	
67.9359 	2289	
67.9406 	2126	
67.9453 	2177	
67.95 	2345	
67.9547 	2125	
67.9594 	2341	
67.9641 	2254	
67.9687 	2317	
67.9734 	2201	
67.9781 	2293	
67.9828 	2285	
67.9875 	2349	
67.9922 	2287	
67.9969 	2285	
68.0016 	2217	
68.0063 	2296	
68.0109 	2356	
68.0156 	2219	
68.0203 	2277	
68.025 	2356	
68.0297 	2317	
68.0344 	2171	
68.0391 	2278	
68.0438 	2242	
68.0484 	2360	
68.0531 	2289	
68.0578 	2343	
68.0625 	2310	
68.0672 	2167	
68.0719 	2303	
68.0766 	2262	
68.0812 	2263	
68.0859 	2224	
68.0906 	2265	
68.0953 	2269	
68.1 	2269	
68.1047 	2328	
68.1094 	2442	
68.1141 	2261	
68.1187 	2165	
68.1234 	2290	
68.1281 	2210	
68.1328 	2265	
68.1375 	2224	
68.1422 	2293	
68.1469 	2269	
68.1516 	2222	
68.1562 	2250	
68.1609 	2244	
68.1656 	2253	
68.1703 	2333	
68.175 	2161	
68.1797 	2191	
68.1844 	2273	
68.1891 	2171	
68.1938 	2263	
68.1984 	2230	
68.2031 	2323	
68.2078 	2335	
68.2125 	2259	
68.2172 	2258	
68.2219 	2271	
68.2266 	2231	
68.2313 	2226	
68.2359 	2325	
68.2406 	2278	
68.2453 	2188	
68.25 	2259	
68.2547 	2355	
68.2594 	2241	
68.2641 	2239	
68.2687 	2248	
68.2734 	2275	
68.2781 	2186	
68.2828 	2347	
68.2875 	2285	
68.2922 	2191	
68.2969 	2269	
68.3016 	2249	
68.3062 	2277	
68.3109 	2262	
68.3156 	2319	
68.3203 	2262	
68.325 	2261	
68.3297 	2239	
68.3344 	2264	
68.3391 	2215	
68.3437 	2338	
68.3484 	2270	
68.3531 	2243	
68.3578 	2297	
68.3625 	2208	
68.3672 	2210	
68.3719 	2161	
68.3766 	2337	
68.3813 	2167	
68.3859 	2257	
68.3906 	2306	
68.3953 	2205	
68.4 	2271	
68.4047 	2304	
68.4094 	2242	
68.4141 	2141	
68.4188 	2355	
68.4234 	2279	
68.4281 	2356	
68.4328 	2266	
68.4375 	2323	
68.4422 	2294	
68.4469 	2230	
68.4516 	2219	
68.4562 	2352	
68.4609 	2308	
68.4656 	2353	
68.4703 	2325	
68.475 	2161	
68.4797 	2230	
68.4844 	2237	
68.4891 	2277	
68.4937 	2253	
68.4984 	2264	
68.5031 	2385	
68.5078 	2332	
68.5125 	2291	
68.5172 	2309	
68.5219 	2227	
68.5266 	2273	
68.5313 	2274	
68.5359 	2340	
68.5406 	2370	
68.5453 	2287	
68.55 	2312	
68.5547 	2257	
68.5594 	2240	
68.5641 	2202	
68.5688 	2196	
68.5734 	2400	
68.5781 	2310	
68.5828 	2344	
68.5875 	2349	
68.5922 	2228	
68.5969 	2250	
68.6016 	2296	
68.6063 	2283	
68.6109 	2286	
68.6156 	2417	
68.6203 	2192	
68.625 	2340	
68.6297 	2216	
68.6344 	2272	
68.6391 	2216	
68.6437 	2304	
68.6484 	2277	
68.6531 	2411	
68.6578 	2274	
68.6625 	2420	
68.6672 	2236	
68.6719 	2410	
68.6766 	2318	
68.6812 	2258	
68.6859 	2253	
68.6906 	2256	
68.6953 	2396	
68.7 	2331	
68.7047 	2361	
68.7094 	2242	
68.7141 	2356	
68.7188 	2139	
68.7234 	2334	
68.7281 	2338	
68.7328 	2281	
68.7375 	2387	
68.7422 	2235	
68.7469 	2286	
68.7516 	2283	
68.7563 	2314	
68.7609 	2309	
68.7656 	2245	
68.7703 	2330	
68.775 	2311	
68.7797 	2303	
68.7844 	2342	
68.7891 	2240	
68.7937 	2242	
68.7984 	2326	
68.8031 	2261	
68.8078 	2279	
68.8125 	2369	
68.8172 	2374	
68.8219 	2315	
68.8266 	2311	
68.8312 	2249	
68.8359 	2401	
68.8406 	2268	
68.8453 	2337	
68.85 	2345	
68.8547 	2291	
68.8594 	2387	
68.8641 	2362	
68.8687 	2294	
68.8734 	2309	
68.8781 	2355	
68.8828 	2314	
68.8875 	2411	
68.8922 	2235	
68.8969 	2373	
68.9016 	2262	
68.9063 	2355	
68.9109 	2381	
68.9156 	2409	
68.9203 	2345	
68.925 	2307	
68.9297 	2286	
68.9344 	2374	
68.9391 	2335	
68.9438 	2319	
68.9484 	2399	
68.9531 	2291	
68.9578 	2379	
68.9625 	2363	
68.9672 	2380	
68.9719 	2345	
68.9766 	2231	
68.9812 	2352	
68.9859 	2258	
68.9906 	2374	
68.9953 	2362	
69 	2407	
69.0047 	2391	
69.0094 	2401	
69.0141 	2327	
69.0187 	2297	
69.0234 	2314	
69.0281 	2268	
69.0328 	2393	
69.0375 	2378	
69.0422 	2414	
69.0469 	2378	
69.0516 	2254	
69.0562 	2289	
69.0609 	2436	
69.0656 	2231	
69.0703 	2425	
69.075 	2421	
69.0797 	2339	
69.0844 	2294	
69.0891 	2339	
69.0938 	2461	
69.0984 	2339	
69.1031 	2436	
69.1078 	2373	
69.1125 	2291	
69.1172 	2352	
69.1219 	2361	
69.1266 	2338	
69.1313 	2415	
69.1359 	2367	
69.1406 	2320	
69.1453 	2435	
69.15 	2323	
69.1547 	2477	
69.1594 	2488	
69.1641 	2325	
69.1687 	2424	
69.1734 	2526	
69.1781 	2417	
69.1828 	2421	
69.1875 	2295	
69.1922 	2426	
69.1969 	2260	
69.2016 	2292	
69.2062 	2454	
69.2109 	2334	
69.2156 	2343	
69.2203 	2322	
69.225 	2466	
69.2297 	2322	
69.2344 	2475	
69.2391 	2373	
69.2438 	2339	
69.2484 	2251	
69.2531 	2472	
69.2578 	2385	
69.2625 	2083	
69.2672 	2466	
69.2719 	2288	
69.2766 	2400	
69.2813 	2402	
69.2859 	2424	
69.2906 	2417	
69.2953 	2313	
69.3 	2400	
69.3047 	2410	
69.3094 	2414	
69.3141 	2365	
69.3187 	2375	
69.3234 	2322	
69.3281 	2379	
69.3328 	2436	
69.3375 	2431	
69.3422 	2334	
69.3469 	2372	
69.3516 	2341	
69.3562 	2312	
69.3609 	2465	
69.3656 	2396	
69.3703 	2384	
69.375 	2364	
69.3797 	2308	
69.3844 	2315	
69.3891 	2443	
69.3937 	2302	
69.3984 	2440	
69.4031 	2386	
69.4078 	2330	
69.4125 	2374	
69.4172 	2415	
69.4219 	2425	
69.4266 	2477	
69.4313 	2407	
69.4359 	2392	
69.4406 	2475	
69.4453 	2302	
69.45 	2386	
69.4547 	2301	
69.4594 	2408	
69.4641 	2437	
69.4688 	2356	
69.4734 	2475	
69.4781 	2470	
69.4828 	2375	
69.4875 	2425	
69.4922 	2441	
69.4969 	2334	
69.5016 	2424	
69.5062 	2450	
69.5109 	2362	
69.5156 	2371	
69.5203 	2424	
69.525 	2483	
69.5297 	2373	
69.5344 	2350	
69.5391 	2395	
69.5437 	2241	
69.5484 	2431	
69.5531 	2455	
69.5578 	2364	
69.5625 	2391	
69.5672 	2416	
69.5719 	2505	
69.5766 	2299	
69.5812 	2309	
69.5859 	2434	
69.5906 	2427	
69.5953 	2430	
69.6 	2405	
69.6047 	2394	
69.6094 	2383	
69.6141 	2370	
69.6188 	2462	
69.6234 	2405	
69.6281 	2290	
69.6328 	2385	
69.6375 	2320	
69.6422 	2258	
69.6469 	2441	
69.6516 	2392	
69.6563 	2347	
69.6609 	2468	
69.6656 	2331	
69.6703 	2325	
69.675 	2491	
69.6797 	2369	
69.6844 	2481	
69.6891 	2226	
69.6937 	2384	
69.6984 	2421	
69.7031 	2278	
69.7078 	2354	
69.7125 	2343	
69.7172 	2322	
69.7219 	2491	
69.7266 	2382	
69.7312 	2264	
69.7359 	2446	
69.7406 	2375	
69.7453 	2493	
69.75 	2423	
69.7547 	2470	
69.7594 	2469	
69.7641 	2422	
69.7688 	2356	
69.7734 	2356	
69.7781 	2357	
69.7828 	2343	
69.7875 	2317	
69.7922 	2362	
69.7969 	2440	
69.8016 	2396	
69.8063 	2362	
69.8109 	2388	
69.8156 	2422	
69.8203 	2406	
69.825 	2319	
69.8297 	2329	
69.8344 	2427	
69.8391 	2311	
69.8437 	2401	
69.8484 	2359	
69.8531 	2290	
69.8578 	2503	
69.8625 	2379	
69.8672 	2367	
69.8719 	2419	
69.8766 	2342	
69.8812 	2396	
69.8859 	2414	
69.8906 	2496	
69.8953 	2489	
69.9 	2352	
69.9047 	2403	
69.9094 	2489	
69.9141 	2321	
69.9187 	2465	
69.9234 	2363	
69.9281 	2347	
69.9328 	2412	
69.9375 	2371	
69.9422 	2423	
69.9469 	2382	
69.9516 	2369	
69.9563 	2378	
69.9609 	2416	
69.9656 	2376	
69.9703 	2389	
69.975 	2431	
69.9797 	2501	
69.9844 	2398	
69.9891 	2382	
69.9938 	2540	
69.9984 	2347	
70.0031 	2343	
70.0078 	2368	
70.0125 	2349	
70.0172 	2417	
70.0219 	2401	
70.0266 	2376	
70.0312 	2614	
70.0359 	2337	
70.0406 	2493	
70.0453 	2367	
70.05 	2365	
70.0547 	2384	
70.0594 	2350	
70.0641 	2364	
70.0687 	2309	
70.0734 	2573	
70.0781 	2383	
70.0828 	2445	
70.0875 	2347	
70.0922 	2447	
70.0969 	2428	
70.1016 	2363	
70.1062 	2418	
70.1109 	2378	
70.1156 	2504	
70.1203 	2382	
70.125 	2346	
70.1297 	2395	
70.1344 	2481	
70.1391 	2332	
70.1438 	2544	
70.1484 	2329	
70.1531 	2341	
70.1578 	2370	
70.1625 	2414	
70.1672 	2534	
70.1719 	2457	
70.1766 	2612	
70.1813 	2302	
70.1859 	2382	
70.1906 	2414	
70.1953 	2393	
70.2 	2378	
70.2047 	2351	
70.2094 	2522	
70.2141 	2540	
70.2187 	2374	
70.2234 	2424	
70.2281 	2508	
70.2328 	2376	
70.2375 	2451	
70.2422 	2466	
70.2469 	2400	
70.2516 	2369	
70.2562 	2493	
70.2609 	2328	
70.2656 	2481	
70.2703 	2407	
70.275 	2435	
70.2797 	2412	
70.2844 	2342	
70.2891 	2500	
70.2938 	2319	
70.2984 	2445	
70.3031 	2382	
70.3078 	2411	
70.3125 	2445	
70.3172 	2407	
70.3219 	2475	
70.3266 	2424	
70.3313 	2374	
70.3359 	2510	
70.3406 	2396	
70.3453 	2367	
70.35 	2606	
70.3547 	2343	
70.3594 	2394	
70.3641 	2465	
70.3688 	2432	
70.3734 	2499	
70.3781 	2434	
70.3828 	2411	
70.3875 	2515	
70.3922 	2317	
70.3969 	2437	
70.4016 	2486	
70.4062 	2395	
70.4109 	2513	
70.4156 	2297	
70.4203 	2475	
70.425 	2441	
70.4297 	2516	
70.4344 	2340	
70.4391 	2415	
70.4437 	2404	
70.4484 	2615	
70.4531 	2417	
70.4578 	2483	
70.4625 	2458	
70.4672 	2288	
70.4719 	2510	
70.4766 	2427	
70.4813 	2348	
70.4859 	2526	
70.4906 	2608	
70.4953 	2479	
70.5 	2418	
70.5047 	2478	
70.5094 	2473	
70.5141 	2479	
70.5188 	2375	
70.5234 	2587	
70.5281 	2408	
70.5328 	2425	
70.5375 	2394	
70.5422 	2436	
70.5469 	2479	
70.5516 	2442	
70.5562 	2454	
70.5609 	2413	
70.5656 	2369	
70.5703 	2528	
70.575 	2323	
70.5797 	2416	
70.5844 	2410	
70.5891 	2396	
70.5937 	2460	
70.5984 	2325	
70.6031 	2397	
70.6078 	2484	
70.6125 	2395	
70.6172 	2477	
70.6219 	2479	
70.6266 	2397	
70.6312 	2485	
70.6359 	2424	
70.6406 	2511	
70.6453 	2577	
70.65 	2509	
70.6547 	2401	
70.6594 	2436	
70.6641 	2382	
70.6688 	2529	
70.6734 	2514	
70.6781 	2452	
70.6828 	2649	
70.6875 	2558	
70.6922 	2340	
70.6969 	2540	
70.7016 	2442	
70.7063 	2584	
70.7109 	2412	
70.7156 	2437	
70.7203 	2493	
70.725 	2440	
70.7297 	2469	
70.7344 	2577	
70.7391 	2478	
70.7437 	2562	
70.7484 	2510	
70.7531 	2313	
70.7578 	2484	
70.7625 	2417	
70.7672 	2609	
70.7719 	2483	
70.7766 	2495	
70.7812 	2643	
70.7859 	2484	
70.7906 	2644	
70.7953 	2585	
70.8 	2531	
70.8047 	2616	
70.8094 	2551	
70.8141 	2570	
70.8188 	2733	
70.8234 	2507	
70.8281 	2717	
70.8328 	2602	
70.8375 	2595	
70.8422 	2663	
70.8469 	2684	
70.8516 	2773	
70.8563 	2854	
70.8609 	2700	
70.8656 	2784	
70.8703 	2829	
70.875 	2814	
70.8797 	2932	
70.8844 	2845	
70.8891 	3001	
70.8938 	2994	
70.8984 	2904	
70.9031 	3152	
70.9078 	2965	
70.9125 	3122	
70.9172 	3285	
70.9219 	3240	
70.9266 	3416	
70.9312 	3341	
70.9359 	3392	
70.9406 	3647	
70.9453 	3604	
70.95 	3754	
70.9547 	3731	
70.9594 	3896	
70.9641 	4134	
70.9687 	4211	
70.9734 	4229	
70.9781 	4373	
70.9828 	4514	
70.9875 	4525	
70.9922 	4679	
70.9969 	4893	
71.0016 	5301	
71.0063 	5085	
71.0109 	5453	
71.0156 	5861	
71.0203 	5892	
71.025 	6147	
71.0297 	6314	
71.0344 	6488	
71.0391 	6987	
71.0438 	7293	
71.0484 	7648	
71.0531 	8454	
71.0578 	8401	
71.0625 	9511	
71.0672 	9490	
71.0719 	10330	
71.0766 	11034	
71.0812 	11224	
71.0859 	12243	
71.0906 	12873	
71.0953 	13803	
71.1 	14778	
71.1047 	15472	
71.1094 	16482	
71.1141 	18660	
71.1187 	18528	
71.1234 	20703	
71.1281 	21296	
71.1328 	22650	
71.1375 	25620	
71.1422 	26771	
71.1469 	28913	
71.1516 	30259	
71.1562 	33055	
71.1609 	36620	
71.1656 	37078	
71.1703 	39527	
71.175 	43434	
71.1797 	44922	
71.1844 	48035	
71.1891 	50980	
71.1938 	55125	
71.1984 	58766	
71.2031 	59224	
71.2078 	65343	
71.2125 	68039	
71.2172 	69398	
71.2219 	72955	
71.2266 	75936	
71.2313 	76865	
71.2359 	81486	
71.2406 	82355	
71.2453 	83227	
71.25 	86420	
71.2547 	86922	
71.2594 	90775	
71.2641 	87578	
71.2687 	88176	
71.2734 	89271	
71.2781 	88168	
71.2828 	85127	
71.2875 	86499	
71.2922 	83977	
71.2969 	85875	
71.3016 	78854	
71.3062 	79234	
71.3109 	76880	
71.3156 	72138	
71.3203 	69280	
71.325 	66344	
71.3297 	61865	
71.3344 	61106	
71.3391 	53231	
71.3437 	50520	
71.3484 	50550	
71.3531 	41676	
71.3578 	42892	
71.3625 	35529	
71.3672 	33167	
71.3719 	30024	
71.3766 	26784	
71.3813 	25735	
71.3859 	21235	
71.3906 	19320	
71.3953 	17417	
71.4 	15525	
71.4047 	12654	
71.4094 	12960	
71.4141 	9440	
71.4188 	9301	
71.4234 	7262	
71.4281 	7046	
71.4328 	6043	
71.4375 	5027	
71.4422 	4886	
71.4469 	4142	
71.4516 	3870	
71.4562 	3301	
71.4609 	3357	
71.4656 	2890	
71.4703 	2923	
71.475 	2734	
71.4797 	2667	
71.4844 	2594	
71.4891 	2527	
71.4937 	2704	
71.4984 	2596	
71.5031 	2578	
71.5078 	2525	
71.5125 	2513	
71.5172 	2527	
71.5219 	2455	
71.5266 	2450	
71.5313 	2597	
71.5359 	2506	
71.5406 	2497	
71.5453 	2483	
71.55 	2574	
71.5547 	2385	
71.5594 	2472	
71.5641 	2445	
71.5688 	2431	
71.5734 	2595	
71.5781 	2445	
71.5828 	2575	
71.5875 	2495	
71.5922 	2599	
71.5969 	2389	
71.6016 	2485	
71.6062 	2593	
71.6109 	2395	
71.6156 	2512	
71.6203 	2459	
71.625 	2491	
71.6297 	2492	
71.6344 	2557	
71.6391 	2452	
71.6437 	2536	
71.6484 	2483	
71.6531 	2517	
71.6578 	2446	
71.6625 	2326	
71.6672 	2480	
71.6719 	2439	
71.6766 	2593	
71.6812 	2469	
71.6859 	2501	
71.6906 	2481	
71.6953 	2345	
71.7 	2535	
71.7047 	2532	
71.7094 	2441	
71.7141 	2518	
71.7188 	2544	
71.7234 	2485	
71.7281 	2585	
71.7328 	2512	
71.7375 	2534	
71.7422 	2507	
71.7469 	2563	
71.7516 	2407	
71.7563 	2536	
71.7609 	2450	
71.7656 	2542	
71.7703 	2575	
71.775 	2485	
71.7797 	2603	
71.7844 	2398	
71.7891 	2645	
71.7937 	2449	
71.7984 	2564	
71.8031 	2534	
71.8078 	2420	
71.8125 	2533	
71.8172 	2506	
71.8219 	2490	
71.8266 	2618	
71.8312 	2493	
71.8359 	2480	
71.8406 	2629	
71.8453 	2427	
71.85 	2582	
71.8547 	2459	
71.8594 	2655	
71.8641 	2529	
71.8687 	2538	
71.8734 	2509	
71.8781 	2527	
71.8828 	2468	
71.8875 	2587	
71.8922 	2475	
71.8969 	2485	
71.9016 	2604	
71.9063 	2450	
71.9109 	2554	
71.9156 	2480	
71.9203 	2525	
71.925 	2630	
71.9297 	2474	
71.9344 	2426	
71.9391 	2614	
71.9438 	2425	
71.9484 	2551	
71.9531 	2552	
71.9578 	2509	
71.9625 	2643	
71.9672 	2496	
71.9719 	2597	
71.9766 	2460	
71.9812 	2472	
71.9859 	2603	
71.9906 	2533	
71.9953 	2566	
72 	2562	
72.0047 	2517	
72.0094 	2532	
72.0141 	2483	
72.0187 	2546	
72.0234 	2539	
72.0281 	2531	
72.0328 	2523	
72.0375 	2589	
72.0422 	2449	
72.0469 	2617	
72.0516 	2560	
72.0563 	2535	
72.0609 	2478	
72.0656 	2569	
72.0703 	2547	
72.075 	2423	
72.0797 	2414	
72.0844 	2567	
72.0891 	2419	
72.0938 	2533	
72.0984 	2558	
72.1031 	2420	
72.1078 	2471	
72.1125 	2485	
72.1172 	2525	
72.1219 	2654	
72.1266 	2501	
72.1313 	2453	
72.1359 	2561	
72.1406 	2510	
72.1453 	2592	
72.15 	2563	
72.1547 	2631	
72.1594 	2588	
72.1641 	2605	
72.1687 	2602	
72.1734 	2582	
72.1781 	2550	
72.1828 	2538	
72.1875 	2514	
72.1922 	2487	
72.1969 	2645	
72.2016 	2496	
72.2062 	2509	
72.2109 	2431	
72.2156 	2379	
72.2203 	2571	
72.225 	2387	
72.2297 	2538	
72.2344 	2489	
72.2391 	2647	
72.2438 	2554	
72.2484 	2450	
72.2531 	2591	
72.2578 	2641	
72.2625 	2502	
72.2672 	2486	
72.2719 	2570	
72.2766 	2545	
72.2813 	2631	
72.2859 	2477	
72.2906 	2621	
72.2953 	2634	
72.3 	2582	
72.3047 	2484	
72.3094 	2523	
72.3141 	2515	
72.3187 	2647	
72.3234 	2517	
72.3281 	2529	
72.3328 	2531	
72.3375 	2586	
72.3422 	2545	
72.3469 	2584	
72.3516 	2526	
72.3562 	2595	
72.3609 	2593	
72.3656 	2519	
72.3703 	2551	
72.375 	2494	
72.3797 	2616	
72.3844 	2491	
72.3891 	2584	
72.3937 	2600	
72.3984 	2508	
72.4031 	2593	
72.4078 	2447	
72.4125 	2539	
72.4172 	2507	
72.4219 	2509	
72.4266 	2535	
72.4313 	2679	
72.4359 	2639	
72.4406 	2580	
72.4453 	2540	
72.45 	2560	
72.4547 	2562	
72.4594 	2472	
72.4641 	2588	
72.4688 	2580	
72.4734 	2603	
72.4781 	2527	
72.4828 	2628	
72.4875 	2632	
72.4922 	2690	
72.4969 	2699	
72.5016 	2516	
72.5062 	2538	
72.5109 	2588	
72.5156 	2654	
72.5203 	2484	
72.525 	2646	
72.5297 	2584	
72.5344 	2683	
72.5391 	2481	
72.5437 	2567	
72.5484 	2476	
72.5531 	2644	
72.5578 	2625	
72.5625 	2567	
72.5672 	2552	
72.5719 	2545	
72.5766 	2711	
72.5813 	2468	
72.5859 	2616	
72.5906 	2605	
72.5953 	2580	
72.6 	2594	
72.6047 	2601	
72.6094 	2664	
72.6141 	2756	
72.6188 	2677	
72.6234 	2632	
72.6281 	2618	
72.6328 	2591	
72.6375 	2590	
72.6422 	2496	
72.6469 	2645	
72.6516 	2504	
72.6563 	2677	
72.6609 	2520	
72.6656 	2565	
72.6703 	2556	
72.675 	2613	
72.6797 	2531	
72.6844 	2488	
72.6891 	2725	
72.6937 	2489	
72.6984 	2581	
72.7031 	2538	
72.7078 	2650	
72.7125 	2666	
72.7172 	2566	
72.7219 	2592	
72.7266 	2646	
72.7312 	2572	
72.7359 	2650	
72.7406 	2510	
72.7453 	2635	
72.75 	2760	
72.7547 	2664	
72.7594 	2735	
72.7641 	2641	
72.7688 	2697	
72.7734 	2589	
72.7781 	2609	
72.7828 	2558	
72.7875 	2597	
72.7922 	2634	
72.7969 	2628	
72.8016 	2568	
72.8063 	2584	
72.8109 	2651	
72.8156 	2468	
72.8203 	2640	
72.825 	2534	
72.8297 	2615	
72.8344 	2545	
72.8391 	2650	
72.8437 	2620	
72.8484 	2699	
72.8531 	2688	
72.8578 	2621	
72.8625 	2601	
72.8672 	2512	
72.8719 	2646	
72.8766 	2514	
72.8812 	2604	
72.8859 	2518	
72.8906 	2520	
72.8953 	2654	
72.9 	2649	
72.9047 	2562	
72.9094 	2662	
72.9141 	2562	
72.9187 	2552	
72.9234 	2741	
72.9281 	2479	
72.9328 	2546	
72.9375 	2637	
72.9422 	2640	
72.9469 	2494	
72.9516 	2613	
72.9563 	2558	
72.9609 	2701	
72.9656 	2514	
72.9703 	2771	
72.975 	2586	
72.9797 	2571	
72.9844 	2614	
72.9891 	2639	
72.9938 	2719	
72.9984 	2599	
73.0031 	2664	
73.0078 	2640	
73.0125 	2646	
73.0172 	2603	
73.0219 	2636	
73.0266 	2579	
73.0312 	2650	
73.0359 	2589	
73.0406 	2592	
73.0453 	2680	
73.05 	2574	
73.0547 	2728	
73.0594 	2625	
73.0641 	2669	
73.0687 	2638	
73.0734 	2551	
73.0781 	2596	
73.0828 	2648	
73.0875 	2718	
73.0922 	2651	
73.0969 	2732	
73.1016 	2695	
73.1062 	2738	
73.1109 	2539	
73.1156 	2729	
73.1203 	2710	
73.125 	2700	
73.1297 	2597	
73.1344 	2629	
73.1391 	2588	
73.1438 	2602	
73.1484 	2682	
73.1531 	2523	
73.1578 	2696	
73.1625 	2649	
73.1672 	2813	
73.1719 	2558	
73.1766 	2800	
73.1813 	2693	
73.1859 	2641	
73.1906 	2725	
73.1953 	2625	
73.2 	2680	
73.2047 	2653	
73.2094 	2683	
73.2141 	2595	
73.2187 	2869	
73.2234 	2619	
73.2281 	2768	
73.2328 	2727	
73.2375 	2720	
73.2422 	2759	
73.2469 	2607	
73.2516 	2703	
73.2562 	2720	
73.2609 	2712	
73.2656 	2663	
73.2703 	2739	
73.275 	2642	
73.2797 	2742	
73.2844 	2717	
73.2891 	2717	
73.2938 	2724	
73.2984 	2639	
73.3031 	2773	
73.3078 	2604	
73.3125 	2748	
73.3172 	2736	
73.3219 	2642	
73.3266 	2741	
73.3313 	2748	
73.3359 	2647	
73.3406 	2760	
73.3453 	2630	
73.35 	2719	
73.3547 	2637	
73.3594 	2690	
73.3641 	2679	
73.3687 	2713	
73.3734 	2765	
73.3781 	2684	
73.3828 	2811	
73.3875 	2569	
73.3922 	2698	
73.3969 	2608	
73.4016 	2781	
73.4062 	2587	
73.4109 	2599	
73.4156 	2758	
73.4203 	2691	
73.425 	2680	
73.4297 	2774	
73.4344 	2724	
73.4391 	2663	
73.4437 	2748	
73.4484 	2623	
73.4531 	2772	
73.4578 	2721	
73.4625 	2824	
73.4672 	2741	
73.4719 	2791	
73.4766 	2704	
73.4813 	2661	
73.4859 	2695	
73.4906 	2618	
73.4953 	2821	
73.5 	2765	
73.5047 	2715	
73.5094 	2691	
73.5141 	2888	
73.5188 	2697	
73.5234 	2753	
73.5281 	2570	
73.5328 	2594	
73.5375 	2760	
73.5422 	2634	
73.5469 	2627	
73.5516 	2716	
73.5562 	2649	
73.5609 	2646	
73.5656 	2646	
73.5703 	2692	
73.575 	2711	
73.5797 	2618	
73.5844 	2613	
73.5891 	2625	
73.5937 	2748	
73.5984 	2708	
73.6031 	2651	
73.6078 	2686	
73.6125 	2644	
73.6172 	2756	
73.6219 	2749	
73.6266 	2627	
73.6312 	2678	
73.6359 	2772	
73.6406 	2578	
73.6453 	2637	
73.65 	2713	
73.6547 	2704	
73.6594 	2859	
73.6641 	2713	
73.6688 	2648	
73.6734 	2693	
73.6781 	2767	
73.6828 	2614	
73.6875 	2749	
73.6922 	2811	
73.6969 	2790	
73.7016 	2808	
73.7063 	2685	
73.7109 	2857	
73.7156 	2590	
73.7203 	2791	
73.725 	2615	
73.7297 	2749	
73.7344 	2672	
73.7391 	2671	
73.7437 	2725	
73.7484 	2746	
73.7531 	2678	
73.7578 	2812	
73.7625 	2697	
73.7672 	2684	
73.7719 	2719	
73.7766 	2665	
73.7812 	2775	
73.7859 	2646	
73.7906 	2672	
73.7953 	2811	
73.8 	2742	
73.8047 	2695	
73.8094 	2861	
73.8141 	2633	
73.8188 	2773	
73.8234 	2705	
73.8281 	2842	
73.8328 	2865	
73.8375 	2759	
73.8422 	2771	
73.8469 	2779	
73.8516 	2810	
73.8563 	2725	
73.8609 	2762	
73.8656 	2618	
73.8703 	2734	
73.875 	2667	
73.8797 	2743	
73.8844 	2770	
73.8891 	2625	
73.8937 	2805	
73.8984 	2671	
73.9031 	2769	
73.9078 	2820	
73.9125 	2658	
73.9172 	2691	
73.9219 	2676	
73.9266 	2686	
73.9312 	2803	
73.9359 	2608	
73.9406 	2811	
73.9453 	2804	
73.95 	2719	
73.9547 	2692	
73.9594 	2743	
73.9641 	2702	
73.9687 	2728	
73.9734 	2831	
73.9781 	2838	
73.9828 	2691	
73.9875 	2725	
73.9922 	2908	
73.9969 	2606	
74.0016 	2741	
74.0063 	2802	
74.0109 	2691	
74.0156 	2737	
74.0203 	2709	
74.025 	2720	
74.0297 	2868	
74.0344 	2733	
74.0391 	2694	
74.0438 	2831	
74.0484 	2691	
74.0531 	2849	
74.0578 	2634	
74.0625 	2686	
74.0672 	2899	
74.0719 	2757	
74.0766 	2856	
74.0812 	2775	
74.0859 	2794	
74.0906 	2825	
74.0953 	2781	
74.1 	2782	
74.1047 	2701	
74.1094 	2695	
74.1141 	2828	
74.1187 	2871	
74.1234 	2759	
74.1281 	2986	
74.1328 	2775	
74.1375 	2877	
74.1422 	2821	
74.1469 	2818	
74.1516 	2756	
74.1562 	2712	
74.1609 	2765	
74.1656 	2821	
74.1703 	2747	
74.175 	2746	
74.1797 	2854	
74.1844 	2728	
74.1891 	2961	
74.1938 	2714	
74.1984 	2788	
74.2031 	2884	
74.2078 	2794	
74.2125 	2865	
74.2172 	2688	
74.2219 	2771	
74.2266 	2920	
74.2313 	2873	
74.2359 	2801	
74.2406 	2895	
74.2453 	2812	
74.25 	2927	
74.2547 	2744	
74.2594 	2880	
74.2641 	2797	
74.2687 	2763	
74.2734 	2880	
74.2781 	2901	
74.2828 	2816	
74.2875 	2973	
74.2922 	2724	
74.2969 	2772	
74.3016 	2940	
74.3062 	2830	
74.3109 	2856	
74.3156 	2897	
74.3203 	2812	
74.325 	2876	
74.3297 	2726	
74.3344 	2820	
74.3391 	2773	
74.3438 	2736	
74.3484 	3016	
74.3531 	2893	
74.3578 	2701	
74.3625 	2820	
74.3672 	2824	
74.3719 	2854	
74.3766 	2752	
74.3813 	2795	
74.3859 	2948	
74.3906 	2756	
74.3953 	2807	
74.4 	2963	
74.4047 	2895	
74.4094 	2819	
74.4141 	2841	
74.4188 	2826	
74.4234 	2979	
74.4281 	2711	
74.4328 	2937	
74.4375 	2783	
74.4422 	2780	
74.4469 	2786	
74.4516 	2879	
74.4562 	2830	
74.4609 	2811	
74.4656 	2908	
74.4703 	2727	
74.475 	2862	
74.4797 	2764	
74.4844 	2966	
74.4891 	2647	
74.4937 	2819	
74.4984 	2912	
74.5031 	2814	
74.5078 	2883	
74.5125 	2929	
74.5172 	2770	
74.5219 	2952	
74.5266 	2855	
74.5313 	2892	
74.5359 	2914	
74.5406 	2882	
74.5453 	2992	
74.55 	2995	
74.5547 	2861	
74.5594 	2863	
74.5641 	2830	
74.5688 	2841	
74.5734 	2884	
74.5781 	2892	
74.5828 	2847	
74.5875 	2804	
74.5922 	2950	
74.5969 	2992	
74.6016 	2818	
74.6062 	2989	
74.6109 	2763	
74.6156 	2845	
74.6203 	2949	
74.625 	2755	
74.6297 	2897	
74.6344 	2850	
74.6391 	2858	
74.6437 	2845	
74.6484 	2945	
74.6531 	2836	
74.6578 	2913	
74.6625 	2834	
74.6672 	2994	
74.6719 	2920	
74.6766 	2778	
74.6812 	2999	
74.6859 	2803	
74.6906 	3033	
74.6953 	2965	
74.7 	3032	
74.7047 	2898	
74.7094 	2917	
74.7141 	2882	
74.7188 	3062	
74.7234 	2794	
74.7281 	2972	
74.7328 	3007	
74.7375 	2952	
74.7422 	2949	
74.7469 	3067	
74.7516 	2963	
74.7563 	3029	
74.7609 	3020	
74.7656 	2982	
74.7703 	3023	
74.775 	3009	
74.7797 	3048	
74.7844 	2887	
74.7891 	3014	
74.7937 	3159	
74.7984 	3029	
74.8031 	3019	
74.8078 	2944	
74.8125 	2961	
74.8172 	3127	
74.8219 	2997	
74.8266 	3066	
74.8312 	3124	
74.8359 	2988	
74.8406 	3255	
74.8453 	3004	
74.85 	3132	
74.8547 	3090	
74.8594 	2951	
74.8641 	3010	
74.8687 	2985	
74.8734 	2972	
74.8781 	3124	
74.8828 	3055	
74.8875 	3054	
74.8922 	3154	
74.8969 	2993	
74.9016 	2999	
74.9063 	2906	
74.9109 	3072	
74.9156 	3106	
74.9203 	2986	
74.925 	3077	
74.9297 	3077	
74.9344 	3002	
74.9391 	3021	
74.9438 	3013	
74.9484 	2917	
74.9531 	2939	
74.9578 	2969	
74.9625 	3070	
74.9672 	3116	
74.9719 	2932	
74.9766 	3204	
74.9812 	2815	
74.9859 	3044	
74.9906 	3253	
74.9953 	3041	
75 	2997	
75.0047 	3051	
75.0094 	3094	
75.0141 	3196	
75.0187 	3089	
75.0234 	3073	
75.0281 	3120	
75.0328 	2988	
75.0375 	3172	
75.0422 	3078	
75.0469 	2933	
75.0516 	3044	
75.0563 	3114	
75.0609 	3013	
75.0656 	3130	
75.0703 	3048	
75.075 	3127	
75.0797 	3018	
75.0844 	2909	
75.0891 	3152	
75.0938 	3069	
75.0984 	3058	
75.1031 	3112	
75.1078 	3184	
75.1125 	3167	
75.1172 	3135	
75.1219 	3108	
75.1266 	3230	
75.1312 	3050	
75.1359 	3195	
75.1406 	3084	
75.1453 	3129	
75.15 	3295	
75.1547 	3139	
75.1594 	3224	
75.1641 	3178	
75.1687 	3199	
75.1734 	3224	
75.1781 	3168	
75.1828 	3104	
75.1875 	3182	
75.1922 	3098	
75.1969 	3136	
75.2016 	3299	
75.2062 	3250	
75.2109 	3278	
75.2156 	3121	
75.2203 	3233	
75.225 	3264	
75.2297 	3402	
75.2344 	3253	
75.2391 	3328	
75.2438 	3207	
75.2484 	3353	
75.2531 	3356	
75.2578 	3388	
75.2625 	3456	
75.2672 	3249	
75.2719 	3484	
75.2766 	3542	
75.2813 	3401	
75.2859 	3283	
75.2906 	3460	
75.2953 	3531	
75.3 	3511	
75.3047 	3400	
75.3094 	3490	
75.3141 	3360	
75.3187 	3351	
75.3234 	3521	
75.3281 	3335	
75.3328 	3219	
75.3375 	3206	
75.3422 	3185	
75.3469 	3033	
75.3516 	3163	
75.3562 	2959	
75.3609 	2885	
75.3656 	2721	
75.3703 	2709	
75.375 	2456	
75.3797 	2345	
75.3844 	2297	
75.3891 	2239	
75.3937 	2079	
75.3984 	1904	
75.4031 	1871	
75.4078 	1711	
75.4125 	1482	
75.4172 	1316	
75.4219 	1348	
75.4266 	1083	
75.4313 	1137	
75.4359 	883	
75.4406 	879	
75.4453 	780	
75.45 	590	
75.4547 	535	
75.4594 	428	
75.4641 	391	
75.4688 	305	
75.4734 	250	
75.4781 	178	
75.4828 	127	
75.4875 	107	
75.4922 	69	
75.4969 	55	
75.5016 	33	
75.5062 	32	
75.5109 	23	
75.5156 	19	
75.5203 	19	
75.525 	15	
75.5297 	6	
75.5344 	2	
75.5391 	4	
75.5484 	5	
75.5578 	8	
75.5719 	3	
75.5766 	1	
75.5813 	4	
75.5906 	5	
75.6 	5	
75.6094 	1	
75.6328 	3	
75.6422 	5	
75.6516 	5	
75.6609 	5	
75.6703 	3	
75.6844 	1	
75.6937 	4	
75.7031 	1	
75.7078 	1	
75.7125 	4	
75.7219 	3	
75.7312 	9	
75.7453 	13	
75.7547 	2	
75.7641 	4	
75.7734 	5	
75.7828 	3	
75.7969 	6	
75.8063 	6	
75.8156 	4	
75.825 	6	
75.8344 	4	
75.8437 	11	
75.8578 	3	
75.8672 	6	
75.8766 	14	
75.8859 	4	
75.8953 	3	
75.9094 	5	
75.9187 	6	
75.9281 	12	
75.9375 	9	
75.9469 	14	
75.9563 	16	
75.9703 	19	
75.9797 	21	
75.9891 	28	
75.9984 	21	
