62.0016 	1	
62.0109 	1	
62.0578 	5	
62.0625 	1	
62.0719 	1	
62.0766 	1	
62.0813 	2	
62.0906 	1	
62.1094 	2	
62.1141 	3	
62.1187 	1	
62.1234 	1	
62.1375 	2	
62.1469 	6	
62.1516 	2	
62.1562 	3	
62.1609 	2	
62.1656 	3	
62.1703 	3	
62.175 	5	
62.1797 	1	
62.1844 	4	
62.1891 	6	
62.1938 	7	
62.1984 	4	
62.2031 	3	
62.2078 	2	
62.2125 	6	
62.2172 	9	
62.2219 	7	
62.2266 	15	
62.2313 	8	
62.2359 	16	
62.2406 	6	
62.2453 	11	
62.25 	21	
62.2547 	23	
62.2594 	23	
62.2641 	22	
62.2687 	21	
62.2734 	27	
62.2781 	28	
62.2828 	28	
62.2875 	32	
62.2922 	41	
62.2969 	32	
62.3016 	48	
62.3062 	39	
62.3109 	51	
62.3156 	47	
62.3203 	58	
62.325 	58	
62.3297 	74	
62.3344 	70	
62.3391 	71	
62.3437 	85	
62.3484 	76	
62.3531 	89	
62.3578 	107	
62.3625 	106	
62.3672 	109	
62.3719 	103	
62.3766 	120	
62.3813 	135	
62.3859 	142	
62.3906 	140	
62.3953 	147	
62.4 	158	
62.4047 	176	
62.4094 	157	
62.4141 	149	
62.4188 	156	
62.4234 	169	
62.4281 	192	
62.4328 	188	
62.4375 	199	
62.4422 	172	
62.4469 	229	
62.4516 	228	
62.4562 	185	
62.4609 	238	
62.4656 	236	
62.4703 	236	
62.475 	250	
62.4797 	231	
62.4844 	261	
62.4891 	251	
62.4937 	278	
62.4984 	284	
62.5031 	288	
62.5078 	280	
62.5125 	310	
62.5172 	306	
62.5219 	340	
62.5266 	287	
62.5312 	325	
62.5359 	318	
62.5406 	320	
62.5453 	334	
62.55 	303	
62.5547 	340	
62.5594 	370	
62.5641 	336	
62.5688 	300	
62.5734 	334	
62.5781 	381	
62.5828 	375	
62.5875 	373	
62.5922 	372	
62.5969 	404	
62.6016 	342	
62.6063 	358	
62.6109 	366	
62.6156 	351	
62.6203 	394	
62.625 	390	
62.6297 	400	
62.6344 	383	
62.6391 	412	
62.6437 	455	
62.6484 	435	
62.6531 	399	
62.6578 	432	
62.6625 	409	
62.6672 	421	
62.6719 	413	
62.6766 	394	
62.6812 	465	
62.6859 	424	
62.6906 	418	
62.6953 	465	
62.7 	439	
62.7047 	444	
62.7094 	445	
62.7141 	424	
62.7188 	449	
62.7234 	409	
62.7281 	483	
62.7328 	452	
62.7375 	411	
62.7422 	420	
62.7469 	462	
62.7516 	449	
62.7563 	426	
62.7609 	501	
62.7656 	450	
62.7703 	440	
62.775 	434	
62.7797 	472	
62.7844 	434	
62.7891 	455	
62.7938 	470	
62.7984 	475	
62.8031 	437	
62.8078 	455	
62.8125 	487	
62.8172 	491	
62.8219 	458	
62.8266 	426	
62.8312 	500	
62.8359 	436	
62.8406 	494	
62.8453 	433	
62.85 	468	
62.8547 	451	
62.8594 	424	
62.8641 	438	
62.8687 	495	
62.8734 	435	
62.8781 	465	
62.8828 	481	
62.8875 	475	
62.8922 	488	
62.8969 	424	
62.9016 	435	
62.9063 	452	
62.9109 	468	
62.9156 	462	
62.9203 	465	
62.925 	465	
62.9297 	459	
62.9344 	456	
62.9391 	486	
62.9438 	454	
62.9484 	444	
62.9531 	441	
62.9578 	428	
62.9625 	500	
62.9672 	484	
62.9719 	448	
62.9766 	476	
62.9812 	411	
62.9859 	468	
62.9906 	416	
62.9953 	442	
63 	474	
63.0047 	458	
63.0094 	448	
63.0141 	485	
63.0187 	455	
63.0234 	448	
63.0281 	497	
63.0328 	428	
63.0375 	482	
63.0422 	424	
63.0469 	410	
63.0516 	461	
63.0562 	489	
63.0609 	457	
63.0656 	495	
63.0703 	457	
63.075 	451	
63.0797 	465	
63.0844 	454	
63.0891 	480	
63.0938 	426	
63.0984 	468	
63.1031 	483	
63.1078 	469	
63.1125 	451	
63.1172 	446	
63.1219 	441	
63.1266 	472	
63.1313 	425	
63.1359 	486	
63.1406 	420	
63.1453 	437	
63.15 	492	
63.1547 	474	
63.1594 	492	
63.1641 	438	
63.1687 	497	
63.1734 	482	
63.1781 	434	
63.1828 	502	
63.1875 	474	
63.1922 	463	
63.1969 	484	
63.2016 	447	
63.2062 	484	
63.2109 	484	
63.2156 	464	
63.2203 	490	
63.225 	465	
63.2297 	493	
63.2344 	448	
63.2391 	434	
63.2438 	477	
63.2484 	470	
63.2531 	468	
63.2578 	451	
63.2625 	470	
63.2672 	442	
63.2719 	505	
63.2766 	481	
63.2813 	447	
63.2859 	435	
63.2906 	444	
63.2953 	458	
63.3 	437	
63.3047 	444	
63.3094 	455	
63.3141 	480	
63.3188 	424	
63.3234 	507	
63.3281 	422	
63.3328 	473	
63.3375 	448	
63.3422 	457	
63.3469 	488	
63.3516 	449	
63.3562 	490	
63.3609 	498	
63.3656 	451	
63.3703 	460	
63.375 	438	
63.3797 	407	
63.3844 	484	
63.3891 	445	
63.3937 	454	
63.3984 	473	
63.4031 	431	
63.4078 	462	
63.4125 	472	
63.4172 	422	
63.4219 	474	
63.4266 	447	
63.4313 	477	
63.4359 	474	
63.4406 	456	
63.4453 	459	
63.45 	427	
63.4547 	451	
63.4594 	475	
63.4641 	465	
63.4688 	476	
63.4734 	458	
63.4781 	507	
63.4828 	428	
63.4875 	489	
63.4922 	447	
63.4969 	472	
63.5016 	442	
63.5062 	451	
63.5109 	437	
63.5156 	486	
63.5203 	468	
63.525 	454	
63.5297 	471	
63.5344 	499	
63.5391 	420	
63.5437 	433	
63.5484 	503	
63.5531 	416	
63.5578 	467	
63.5625 	488	
63.5672 	520	
63.5719 	400	
63.5766 	463	
63.5812 	465	
63.5859 	470	
63.5906 	470	
63.5953 	432	
63.6 	445	
63.6047 	418	
63.6094 	456	
63.6141 	467	
63.6188 	504	
63.6234 	436	
63.6281 	414	
63.6328 	474	
63.6375 	492	
63.6422 	449	
63.6469 	449	
63.6516 	444	
63.6563 	441	
63.6609 	505	
63.6656 	430	
63.6703 	443	
63.675 	444	
63.6797 	440	
63.6844 	420	
63.6891 	451	
63.6937 	438	
63.6984 	425	
63.7031 	435	
63.7078 	415	
63.7125 	475	
63.7172 	498	
63.7219 	456	
63.7266 	460	
63.7312 	413	
63.7359 	447	
63.7406 	460	
63.7453 	424	
63.75 	495	
63.7547 	438	
63.7594 	445	
63.7641 	457	
63.7687 	399	
63.7734 	480	
63.7781 	461	
63.7828 	463	
63.7875 	465	
63.7922 	418	
63.7969 	438	
63.8016 	485	
63.8063 	438	
63.8109 	455	
63.8156 	487	
63.8203 	448	
63.825 	460	
63.8297 	478	
63.8344 	472	
63.8391 	450	
63.8438 	472	
63.8484 	503	
63.8531 	450	
63.8578 	482	
63.8625 	501	
63.8672 	458	
63.8719 	474	
63.8766 	452	
63.8812 	431	
63.8859 	449	
63.8906 	417	
63.8953 	485	
63.9 	478	
63.9047 	449	
63.9094 	445	
63.9141 	475	
63.9187 	426	
63.9234 	497	
63.9281 	443	
63.9328 	455	
63.9375 	432	
63.9422 	419	
63.9469 	461	
63.9516 	426	
63.9563 	465	
63.9609 	418	
63.9656 	442	
63.9703 	451	
63.975 	474	
63.9797 	450	
63.9844 	464	
63.9891 	444	
63.9938 	454	
63.9984 	464	
64.0031 	461	
64.0078 	431	
64.0125 	486	
64.0172 	432	
64.0219 	483	
64.0266 	476	
64.0312 	456	
64.0359 	464	
64.0406 	465	
64.0453 	485	
64.05 	438	
64.0547 	455	
64.0594 	478	
64.0641 	484	
64.0687 	431	
64.0734 	398	
64.0781 	469	
64.0828 	422	
64.0875 	456	
64.0922 	423	
64.0969 	504	
64.1016 	452	
64.1062 	449	
64.1109 	452	
64.1156 	471	
64.1203 	452	
64.125 	440	
64.1297 	474	
64.1344 	457	
64.1391 	424	
64.1438 	447	
64.1484 	476	
64.1531 	474	
64.1578 	496	
64.1625 	450	
64.1672 	469	
64.1719 	462	
64.1766 	429	
64.1813 	469	
64.1859 	432	
64.1906 	490	
64.1953 	444	
64.2 	455	
64.2047 	455	
64.2094 	448	
64.2141 	436	
64.2187 	478	
64.2234 	407	
64.2281 	481	
64.2328 	464	
64.2375 	488	
64.2422 	458	
64.2469 	438	
64.2516 	476	
64.2562 	461	
64.2609 	498	
64.2656 	477	
64.2703 	462	
64.275 	457	
64.2797 	430	
64.2844 	474	
64.2891 	430	
64.2937 	424	
64.2984 	388	
64.3031 	446	
64.3078 	488	
64.3125 	481	
64.3172 	446	
64.3219 	454	
64.3266 	435	
64.3313 	455	
64.3359 	431	
64.3406 	459	
64.3453 	444	
64.35 	484	
64.3547 	487	
64.3594 	499	
64.3641 	451	
64.3688 	451	
64.3734 	458	
64.3781 	420	
64.3828 	451	
64.3875 	449	
64.3922 	460	
64.3969 	447	
64.4016 	459	
64.4062 	454	
64.4109 	408	
64.4156 	423	
64.4203 	443	
64.425 	449	
64.4297 	457	
64.4344 	497	
64.4391 	449	
64.4437 	459	
64.4484 	428	
64.4531 	494	
64.4578 	453	
64.4625 	437	
64.4672 	462	
64.4719 	426	
64.4766 	445	
64.4813 	442	
64.4859 	443	
64.4906 	438	
64.4953 	463	
64.5 	480	
64.5047 	459	
64.5094 	458	
64.5141 	443	
64.5188 	461	
64.5234 	458	
64.5281 	462	
64.5328 	463	
64.5375 	458	
64.5422 	467	
64.5469 	428	
64.5516 	455	
64.5563 	463	
64.5609 	456	
64.5656 	484	
64.5703 	471	
64.575 	471	
64.5797 	478	
64.5844 	460	
64.5891 	494	
64.5937 	441	
64.5984 	466	
64.6031 	442	
64.6078 	444	
64.6125 	476	
64.6172 	466	
64.6219 	470	
64.6266 	462	
64.6312 	458	
64.6359 	455	
64.6406 	485	
64.6453 	467	
64.65 	459	
64.6547 	464	
64.6594 	461	
64.6641 	441	
64.6688 	458	
64.6734 	479	
64.6781 	473	
64.6828 	435	
64.6875 	474	
64.6922 	434	
64.6969 	458	
64.7016 	421	
64.7063 	455	
64.7109 	456	
64.7156 	421	
64.7203 	452	
64.725 	435	
64.7297 	462	
64.7344 	468	
64.7391 	458	
64.7437 	439	
64.7484 	499	
64.7531 	498	
64.7578 	452	
64.7625 	470	
64.7672 	468	
64.7719 	449	
64.7766 	468	
64.7812 	445	
64.7859 	475	
64.7906 	446	
64.7953 	462	
64.8 	500	
64.8047 	454	
64.8094 	470	
64.8141 	438	
64.8187 	494	
64.8234 	452	
64.8281 	447	
64.8328 	458	
64.8375 	465	
64.8422 	435	
64.8469 	476	
64.8516 	495	
64.8563 	416	
64.8609 	451	
64.8656 	472	
64.8703 	455	
64.875 	485	
64.8797 	440	
64.8844 	493	
64.8891 	461	
64.8938 	467	
64.8984 	471	
64.9031 	454	
64.9078 	432	
64.9125 	461	
64.9172 	467	
64.9219 	456	
64.9266 	469	
64.9312 	432	
64.9359 	480	
64.9406 	424	
64.9453 	498	
64.95 	479	
64.9547 	487	
64.9594 	469	
64.9641 	489	
64.9687 	456	
64.9734 	504	
64.9781 	500	
64.9828 	464	
64.9875 	405	
64.9922 	427	
64.9969 	491	
65.0016 	457	
65.0063 	480	
65.0109 	407	
65.0156 	429	
65.0203 	472	
65.025 	445	
65.0297 	442	
65.0344 	518	
65.0391 	474	
65.0438 	435	
65.0484 	438	
65.0531 	457	
65.0578 	443	
65.0625 	434	
65.0672 	466	
65.0719 	441	
65.0766 	421	
65.0813 	495	
65.0859 	474	
65.0906 	484	
65.0953 	470	
65.1 	504	
65.1047 	427	
65.1094 	460	
65.1141 	443	
65.1187 	524	
65.1234 	471	
65.1281 	454	
65.1328 	451	
65.1375 	470	
65.1422 	460	
65.1469 	485	
65.1516 	468	
65.1562 	491	
65.1609 	428	
65.1656 	476	
65.1703 	479	
65.175 	475	
65.1797 	477	
65.1844 	441	
65.1891 	471	
65.1938 	493	
65.1984 	456	
65.2031 	452	
65.2078 	427	
65.2125 	481	
65.2172 	434	
65.2219 	477	
65.2266 	430	
65.2313 	467	
65.2359 	484	
65.2406 	501	
65.2453 	421	
65.25 	455	
65.2547 	472	
65.2594 	461	
65.2641 	433	
65.2687 	449	
65.2734 	475	
65.2781 	476	
65.2828 	454	
65.2875 	446	
65.2922 	495	
65.2969 	470	
65.3016 	449	
65.3062 	472	
65.3109 	439	
65.3156 	453	
65.3203 	435	
65.325 	458	
65.3297 	482	
65.3344 	455	
65.3391 	464	
65.3437 	466	
65.3484 	455	
65.3531 	462	
65.3578 	435	
65.3625 	418	
65.3672 	448	
65.3719 	439	
65.3766 	459	
65.3813 	437	
65.3859 	471	
65.3906 	478	
65.3953 	422	
65.4 	448	
65.4047 	469	
65.4094 	429	
65.4141 	472	
65.4188 	490	
65.4234 	447	
65.4281 	483	
65.4328 	453	
65.4375 	463	
65.4422 	442	
65.4469 	462	
65.4516 	419	
65.4562 	492	
65.4609 	444	
65.4656 	454	
65.4703 	469	
65.475 	443	
65.4797 	457	
65.4844 	463	
65.4891 	494	
65.4937 	407	
65.4984 	486	
65.5031 	470	
65.5078 	457	
65.5125 	465	
65.5172 	464	
65.5219 	454	
65.5266 	478	
65.5312 	457	
65.5359 	463	
65.5406 	494	
65.5453 	456	
65.55 	476	
65.5547 	453	
65.5594 	482	
65.5641 	465	
65.5688 	493	
65.5734 	442	
65.5781 	493	
65.5828 	449	
65.5875 	482	
65.5922 	458	
65.5969 	483	
65.6016 	445	
65.6063 	438	
65.6109 	460	
65.6156 	436	
65.6203 	468	
65.625 	457	
65.6297 	452	
65.6344 	477	
65.6391 	496	
65.6437 	438	
65.6484 	473	
65.6531 	448	
65.6578 	482	
65.6625 	459	
65.6672 	469	
65.6719 	519	
65.6766 	459	
65.6812 	443	
65.6859 	449	
65.6906 	492	
65.6953 	445	
65.7 	477	
65.7047 	497	
65.7094 	438	
65.7141 	476	
65.7188 	464	
65.7234 	469	
65.7281 	459	
65.7328 	423	
65.7375 	440	
65.7422 	445	
65.7469 	479	
65.7516 	420	
65.7563 	487	
65.7609 	505	
65.7656 	449	
65.7703 	451	
65.775 	509	
65.7797 	453	
65.7844 	516	
65.7891 	453	
65.7937 	482	
65.7984 	468	
65.8031 	480	
65.8078 	483	
65.8125 	446	
65.8172 	445	
65.8219 	536	
65.8266 	470	
65.8312 	489	
65.8359 	493	
65.8406 	491	
65.8453 	512	
65.85 	449	
65.8547 	498	
65.8594 	514	
65.8641 	470	
65.8687 	483	
65.8734 	476	
65.8781 	439	
65.8828 	504	
65.8875 	480	
65.8922 	450	
65.8969 	543	
65.9016 	435	
65.9063 	508	
65.9109 	505	
65.9156 	503	
65.9203 	496	
65.925 	509	
65.9297 	521	
65.9344 	492	
65.9391 	479	
65.9438 	551	
65.9484 	505	
65.9531 	513	
65.9578 	532	
65.9625 	516	
65.9672 	522	
65.9719 	527	
65.9766 	533	
65.9812 	568	
65.9859 	544	
65.9906 	545	
65.9953 	501	
66 	546	
66.0047 	525	
66.0094 	561	
66.0141 	545	
66.0187 	572	
66.0234 	522	
66.0281 	553	
66.0328 	567	
66.0375 	502	
66.0422 	594	
66.0469 	540	
66.0516 	577	
66.0562 	553	
66.0609 	552	
66.0656 	564	
66.0703 	541	
66.075 	531	
66.0797 	592	
66.0844 	539	
66.0891 	599	
66.0938 	569	
66.0984 	580	
66.1031 	554	
66.1078 	638	
66.1125 	580	
66.1172 	589	
66.1219 	559	
66.1266 	619	
66.1313 	652	
66.1359 	660	
66.1406 	622	
66.1453 	612	
66.15 	615	
66.1547 	661	
66.1594 	649	
66.1641 	663	
66.1687 	652	
66.1734 	631	
66.1781 	650	
66.1828 	636	
66.1875 	704	
66.1922 	665	
66.1969 	644	
66.2016 	691	
66.2062 	711	
66.2109 	743	
66.2156 	716	
66.2203 	751	
66.225 	749	
66.2297 	762	
66.2344 	733	
66.2391 	819	
66.2438 	782	
66.2484 	809	
66.2531 	876	
66.2578 	795	
66.2625 	848	
66.2672 	819	
66.2719 	902	
66.2766 	889	
66.2813 	921	
66.2859 	966	
66.2906 	903	
66.2953 	966	
66.3 	1005	
66.3047 	1011	
66.3094 	1031	
66.3141 	1064	
66.3188 	1055	
66.3234 	1122	
66.3281 	1150	
66.3328 	1173	
66.3375 	1255	
66.3422 	1223	
66.3469 	1314	
66.3516 	1242	
66.3562 	1331	
66.3609 	1402	
66.3656 	1434	
66.3703 	1423	
66.375 	1538	
66.3797 	1500	
66.3844 	1527	
66.3891 	1562	
66.3937 	1672	
66.3984 	1752	
66.4031 	1839	
66.4078 	1734	
66.4125 	1935	
66.4172 	2005	
66.4219 	2005	
66.4266 	2169	
66.4313 	2263	
66.4359 	2329	
66.4406 	2361	
66.4453 	2449	
66.45 	2529	
66.4547 	2608	
66.4594 	2809	
66.4641 	2715	
66.4688 	2815	
66.4734 	2954	
66.4781 	3012	
66.4828 	3126	
66.4875 	3316	
66.4922 	3373	
66.4969 	3657	
66.5016 	3466	
66.5062 	3873	
66.5109 	4051	
66.5156 	3962	
66.5203 	4297	
66.525 	4359	
66.5297 	4506	
66.5344 	4895	
66.5391 	5006	
66.5437 	5137	
66.5484 	5540	
66.5531 	5526	
66.5578 	5989	
66.5625 	5916	
66.5672 	6262	
66.5719 	6575	
66.5766 	6749	
66.5812 	7242	
66.5859 	7532	
66.5906 	7736	
66.5953 	8216	
66.6 	8663	
66.6047 	8746	
66.6094 	9375	
66.6141 	9182	
66.6188 	9994	
66.6234 	10059	
66.6281 	10755	
66.6328 	11456	
66.6375 	11195	
66.6422 	12182	
66.6469 	12399	
66.6516 	12961	
66.6563 	13320	
66.6609 	14100	
66.6656 	14217	
66.6703 	15033	
66.675 	15586	
66.6797 	16505	
66.6844 	16897	
66.6891 	17425	
66.6937 	19133	
66.6984 	18746	
66.7031 	19875	
66.7078 	21109	
66.7125 	21537	
66.7172 	21898	
66.7219 	23348	
66.7266 	24001	
66.7312 	25928	
66.7359 	25769	
66.7406 	27279	
66.7453 	28799	
66.75 	29059	
66.7547 	30743	
66.7594 	32515	
66.7641 	32515	
66.7688 	34565	
66.7734 	36585	
66.7781 	37359	
66.7828 	39626	
66.7875 	39896	
66.7922 	44664	
66.7969 	43031	
66.8016 	46001	
66.8063 	49831	
66.8109 	48606	
66.8156 	52028	
66.8203 	55236	
66.825 	58750	
66.8297 	60283	
66.8344 	63460	
66.8391 	66786	
66.8438 	70060	
66.8484 	71332	
66.8531 	79447	
66.8578 	78762	
66.8625 	80892	
66.8672 	89302	
66.8719 	92226	
66.8766 	99141	
66.8812 	100463	
66.8859 	108349	
66.8906 	112031	
66.8953 	112647	
66.9 	124057	
66.9047 	128161	
66.9094 	131425	
66.9141 	141692	
66.9187 	148507	
66.9234 	151362	
66.9281 	164453	
66.9328 	166701	
66.9375 	176759	
66.9422 	178801	
66.9469 	191846	
66.9516 	198276	
66.9563 	203345	
66.9609 	211908	
66.9656 	227435	
66.9703 	231103	
66.975 	237725	
66.9797 	250734	
66.9844 	249598	
66.9891 	267762	
66.9938 	263876	
66.9984 	282450	
67.0031 	287606	
67.0078 	291945	
67.0125 	307473	
67.0172 	311521	
67.0219 	316827	
67.0266 	333198	
67.0312 	332181	
67.0359 	336407	
67.0406 	348897	
67.0453 	346562	
67.05 	363234	
67.0547 	357797	
67.0594 	369429	
67.0641 	379461	
67.0687 	377066	
67.0734 	386129	
67.0781 	392362	
67.0828 	388347	
67.0875 	412836	
67.0922 	395757	
67.0969 	405806	
67.1016 	430771	
67.1062 	418291	
67.1109 	435430	
67.1156 	431654	
67.1203 	442378	
67.125 	451872	
67.1297 	437379	
67.1344 	452601	
67.1391 	463157	
67.1438 	452708	
67.1484 	474120	
67.1531 	475323	
67.1578 	471853	
67.1625 	495811	
67.1672 	479371	
67.1719 	501549	
67.1766 	484923	
67.1813 	494474	
67.1859 	508234	
67.1906 	493184	
67.1953 	503222	
67.2 	522129	
67.2047 	507037	
67.2094 	507934	
67.2141 	510801	
67.2187 	504928	
67.2234 	515352	
67.2281 	485987	
67.2328 	506550	
67.2375 	501358	
67.2422 	490520	
67.2469 	504488	
67.2516 	496037	
67.2562 	482483	
67.2609 	485646	
67.2656 	483125	
67.2703 	462166	
67.275 	469701	
67.2797 	439810	
67.2844 	463243	
67.2891 	419717	
67.2937 	431721	
67.2984 	432811	
67.3031 	404781	
67.3078 	397174	
67.3125 	388593	
67.3172 	370213	
67.3219 	371558	
67.3266 	344342	
67.3313 	332440	
67.3359 	333389	
67.3406 	305923	
67.3453 	314839	
67.35 	287976	
67.3547 	281110	
67.3594 	263252	
67.3641 	248614	
67.3688 	235508	
67.3734 	221525	
67.3781 	209187	
67.3828 	194408	
67.3875 	188325	
67.3922 	166374	
67.3969 	165109	
67.4016 	143337	
67.4062 	138621	
67.4109 	120184	
67.4156 	116332	
67.4203 	106498	
67.425 	93177	
67.4297 	86841	
67.4344 	82796	
67.4391 	73429	
67.4437 	65619	
67.4484 	62845	
67.4531 	52196	
67.4578 	50197	
67.4625 	42750	
67.4672 	40068	
67.4719 	36464	
67.4766 	31793	
67.4813 	30986	
67.4859 	26799	
67.4906 	24541	
67.4953 	22663	
67.5 	20785	
67.5047 	18328	
67.5094 	16351	
67.5141 	14734	
67.5188 	14040	
67.5234 	11593	
67.5281 	11092	
67.5328 	10356	
67.5375 	9105	
67.5422 	8201	
67.5469 	7563	
67.5516 	6765	
67.5562 	6390	
67.5609 	5800	
67.5656 	5255	
67.5703 	4971	
67.575 	4344	
67.5797 	4472	
67.5844 	3907	
67.5891 	3564	
67.5937 	3530	
67.5984 	3160	
67.6031 	3035	
67.6078 	2810	
67.6125 	2667	
67.6172 	2729	
67.6219 	2467	
67.6266 	2299	
67.6312 	2529	
67.6359 	2103	
67.6406 	2209	
67.6453 	1954	
67.65 	2000	
67.6547 	1964	
67.6594 	1851	
67.6641 	1876	
67.6688 	1711	
67.6734 	1790	
67.6781 	1854	
67.6828 	1706	
67.6875 	1630	
67.6922 	1779	
67.6969 	1675	
67.7016 	1603	
67.7063 	1552	
67.7109 	1599	
67.7156 	1633	
67.7203 	1543	
67.725 	1676	
67.7297 	1566	
67.7344 	1594	
67.7391 	1577	
67.7437 	1601	
67.7484 	1489	
67.7531 	1653	
67.7578 	1478	
67.7625 	1626	
67.7672 	1547	
67.7719 	1540	
67.7766 	1687	
67.7812 	1498	
67.7859 	1608	
67.7906 	1532	
67.7953 	1566	
67.8 	1595	
67.8047 	1624	
67.8094 	1635	
67.8141 	1687	
67.8187 	1560	
67.8234 	1690	
67.8281 	1763	
67.8328 	1712	
67.8375 	1756	
67.8422 	1701	
67.8469 	1712	
67.8516 	1706	
67.8563 	1684	
67.8609 	1755	
67.8656 	1765	
67.8703 	1766	
67.875 	1761	
67.8797 	1769	
67.8844 	1813	
67.8891 	1966	
67.8938 	1812	
67.8984 	1859	
67.9031 	1871	
67.9078 	1908	
67.9125 	2020	
67.9172 	1880	
67.9219 	1948	
67.9266 	1999	
67.9312 	1872	
67.9359 	1947	
67.9406 	1984	
67.9453 	1962	
67.95 	2162	
67.9547 	2074	
67.9594 	2056	
67.9641 	2068	
67.9687 	2171	
67.9734 	2182	
67.9781 	2027	
67.9828 	2162	
67.9875 	2187	
67.9922 	2099	
67.9969 	2207	
68.0016 	2250	
68.0063 	2209	
68.0109 	2397	
68.0156 	2230	
68.0203 	2297	
68.025 	2226	
68.0297 	2367	
68.0344 	2280	
68.0391 	2343	
68.0438 	2351	
68.0484 	2426	
68.0531 	2444	
68.0578 	2401	
68.0625 	2493	
68.0672 	2396	
68.0719 	2588	
68.0766 	2391	
68.0812 	2608	
68.0859 	2443	
68.0906 	2608	
68.0953 	2556	
68.1 	2524	
68.1047 	2480	
68.1094 	2634	
68.1141 	2506	
68.1187 	2486	
68.1234 	2639	
68.1281 	2495	
68.1328 	2558	
68.1375 	2533	
68.1422 	2534	
68.1469 	2537	
68.1516 	2539	
68.1562 	2605	
68.1609 	2593	
68.1656 	2555	
68.1703 	2659	
68.175 	2600	
68.1797 	2544	
68.1844 	2654	
68.1891 	2644	
68.1938 	2629	
68.1984 	2611	
68.2031 	2607	
68.2078 	2709	
68.2125 	2617	
68.2172 	2545	
68.2219 	2772	
68.2266 	2626	
68.2313 	2711	
68.2359 	2752	
68.2406 	2575	
68.2453 	2753	
68.25 	2651	
68.2547 	2690	
68.2594 	2731	
68.2641 	2736	
68.2687 	2756	
68.2734 	2671	
68.2781 	2699	
68.2828 	2758	
68.2875 	2728	
68.2922 	2722	
68.2969 	2665	
68.3016 	2622	
68.3062 	2770	
68.3109 	2549	
68.3156 	2766	
68.3203 	2732	
68.325 	2670	
68.3297 	2606	
68.3344 	2738	
68.3391 	2605	
68.3437 	2743	
68.3484 	2838	
68.3531 	2546	
68.3578 	2646	
68.3625 	2567	
68.3672 	2786	
68.3719 	2604	
68.3766 	2770	
68.3813 	2752	
68.3859 	2717	
68.3906 	2790	
68.3953 	2689	
68.4 	2665	
68.4047 	2697	
68.4094 	2674	
68.4141 	2696	
68.4188 	2879	
68.4234 	2613	
68.4281 	2830	
68.4328 	2754	
68.4375 	2835	
68.4422 	2771	
68.4469 	2687	
68.4516 	2674	
68.4562 	2804	
68.4609 	2748	
68.4656 	2828	
68.4703 	2866	
68.475 	2802	
68.4797 	2982	
68.4844 	2827	
68.4891 	2951	
68.4937 	2872	
68.4984 	2949	
68.5031 	2916	
68.5078 	2828	
68.5125 	2913	
68.5172 	3060	
68.5219 	2917	
68.5266 	3006	
68.5313 	2924	
68.5359 	2940	
68.5406 	3035	
68.5453 	2908	
68.55 	2924	
68.5547 	2970	
68.5594 	2974	
68.5641 	2972	
68.5688 	2982	
68.5734 	2848	
68.5781 	2949	
68.5828 	2849	
68.5875 	2869	
68.5922 	2844	
68.5969 	2742	
68.6016 	2959	
68.6063 	2746	
68.6109 	2761	
68.6156 	2820	
68.6203 	2742	
68.625 	2785	
68.6297 	2766	
68.6344 	2669	
68.6391 	2733	
68.6437 	2629	
68.6484 	2702	
68.6531 	2699	
68.6578 	2640	
68.6625 	2772	
68.6672 	2640	
68.6719 	2688	
68.6766 	2795	
68.6812 	2689	
68.6859 	2652	
68.6906 	2742	
68.6953 	2695	
68.7 	2763	
68.7047 	2713	
68.7094 	2657	
68.7141 	2947	
68.7188 	2650	
68.7234 	2824	
68.7281 	2668	
68.7328 	2786	
68.7375 	2687	
68.7422 	2736	
68.7469 	2831	
68.7516 	2719	
68.7563 	2844	
68.7609 	2926	
68.7656 	2795	
68.7703 	2749	
68.775 	2850	
68.7797 	2761	
68.7844 	2856	
68.7891 	2827	
68.7937 	2875	
68.7984 	2885	
68.8031 	2864	
68.8078 	2943	
68.8125 	3023	
68.8172 	2814	
68.8219 	2960	
68.8266 	2902	
68.8312 	2843	
68.8359 	2942	
68.8406 	2904	
68.8453 	2925	
68.85 	2855	
68.8547 	2854	
68.8594 	2946	
68.8641 	2878	
68.8687 	2804	
68.8734 	2773	
68.8781 	2731	
68.8828 	2731	
68.8875 	2948	
68.8922 	2767	
68.8969 	3042	
68.9016 	2734	
68.9063 	2732	
68.9109 	2805	
68.9156 	2678	
68.9203 	2712	
68.925 	2727	
68.9297 	2690	
68.9344 	2717	
68.9391 	2609	
68.9438 	2664	
68.9484 	2729	
68.9531 	2539	
68.9578 	2626	
68.9625 	2541	
68.9672 	2606	
68.9719 	2487	
68.9766 	2493	
68.9812 	2538	
68.9859 	2485	
68.9906 	2526	
68.9953 	2607	
69 	2461	
69.0047 	2456	
69.0094 	2602	
69.0141 	2384	
69.0187 	2510	
69.0234 	2434	
69.0281 	2405	
69.0328 	2513	
69.0375 	2343	
69.0422 	2512	
69.0469 	2471	
69.0516 	2480	
69.0562 	2405	
69.0609 	2389	
69.0656 	2203	
69.0703 	2376	
69.075 	2358	
69.0797 	2381	
69.0844 	2325	
69.0891 	2251	
69.0938 	2436	
69.0984 	2257	
69.1031 	2381	
69.1078 	2364	
69.1125 	2331	
69.1172 	2188	
69.1219 	2286	
69.1266 	2275	
69.1313 	2309	
69.1359 	2222	
69.1406 	2204	
69.1453 	2268	
69.15 	2190	
69.1547 	2204	
69.1594 	2262	
69.1641 	2097	
69.1687 	2168	
69.1734 	2189	
69.1781 	2125	
69.1828 	2151	
69.1875 	2076	
69.1922 	2169	
69.1969 	2043	
69.2016 	2018	
69.2062 	2108	
69.2109 	1985	
69.2156 	2032	
69.2203 	1995	
69.225 	2017	
69.2297 	2072	
69.2344 	2005	
69.2391 	2050	
69.2438 	2013	
69.2484 	1865	
69.2531 	2077	
69.2578 	1986	
69.2625 	1802	
69.2672 	1984	
69.2719 	1773	
69.2766 	1962	
69.2813 	1928	
69.2859 	1807	
69.2906 	1958	
69.2953 	1902	
69.3 	2012	
69.3047 	1984	
69.3094 	1918	
69.3141 	1860	
69.3187 	1969	
69.3234 	1818	
69.3281 	2067	
69.3328 	1827	
69.3375 	1860	
69.3422 	1913	
69.3469 	1840	
69.3516 	1880	
69.3562 	1809	
69.3609 	1937	
69.3656 	1895	
69.3703 	1966	
69.375 	1883	
69.3797 	1995	
69.3844 	1878	
69.3891 	1962	
69.3937 	1797	
69.3984 	1884	
69.4031 	1925	
69.4078 	1819	
69.4125 	1986	
69.4172 	1914	
69.4219 	1928	
69.4266 	1949	
69.4313 	2008	
69.4359 	1894	
69.4406 	2067	
69.4453 	1825	
69.45 	1942	
69.4547 	1998	
69.4594 	1882	
69.4641 	2095	
69.4688 	1927	
69.4734 	2048	
69.4781 	1856	
69.4828 	2042	
69.4875 	2003	
69.4922 	2123	
69.4969 	1953	
69.5016 	2235	
69.5062 	1901	
69.5109 	2056	
69.5156 	2202	
69.5203 	1942	
69.525 	2221	
69.5297 	2009	
69.5344 	2278	
69.5391 	2150	
69.5437 	2249	
69.5484 	2099	
69.5531 	2507	
69.5578 	2153	
69.5625 	2179	
69.5672 	2391	
69.5719 	2378	
69.5766 	2460	
69.5812 	2227	
69.5859 	2542	
69.5906 	2344	
69.5953 	2551	
69.6 	2545	
69.6047 	2513	
69.6094 	2625	
69.6141 	2646	
69.6188 	2628	
69.6234 	2717	
69.6281 	2619	
69.6328 	2822	
69.6375 	2850	
69.6422 	2998	
69.6469 	3029	
69.6516 	3273	
69.6563 	3266	
69.6609 	3495	
69.6656 	3568	
69.6703 	3638	
69.675 	3920	
69.6797 	3881	
69.6844 	4548	
69.6891 	4284	
69.6937 	4579	
69.6984 	4985	
69.7031 	5100	
69.7078 	5346	
69.7125 	5695	
69.7172 	5932	
69.7219 	6107	
69.7266 	6520	
69.7312 	6512	
69.7359 	7408	
69.7406 	7416	
69.7453 	8037	
69.75 	8387	
69.7547 	8549	
69.7594 	9330	
69.7641 	9693	
69.7688 	10137	
69.7734 	10202	
69.7781 	10851	
69.7828 	11274	
69.7875 	11572	
69.7922 	11952	
69.7969 	13125	
69.8016 	12693	
69.8063 	13432	
69.8109 	13568	
69.8156 	13765	
69.8203 	14521	
69.825 	14252	
69.8297 	14862	
69.8344 	15215	
69.8391 	15266	
69.8437 	15732	
69.8484 	15816	
69.8531 	15133	
69.8578 	15538	
69.8625 	15175	
69.8672 	14841	
69.8719 	14950	
69.8766 	14424	
69.8812 	15161	
69.8859 	14014	
69.8906 	14500	
69.8953 	13888	
69.9 	13174	
69.9047 	12939	
69.9094 	12178	
69.9141 	11694	
69.9187 	11465	
69.9234 	10509	
69.9281 	10039	
69.9328 	9971	
69.9375 	8998	
69.9422 	8302	
69.9469 	7951	
69.9516 	7237	
69.9563 	6655	
69.9609 	6199	
69.9656 	5534	
69.9703 	5187	
69.975 	4379	
69.9797 	4404	
69.9844 	3588	
69.9891 	3334	
69.9938 	3059	
69.9984 	2630	
70.0031 	2260	
70.0078 	2011	
70.0125 	1783	
70.0172 	1648	
70.0219 	1483	
70.0266 	1168	
70.0312 	1313	
70.0359 	963	
70.0406 	1044	
70.0453 	838	
70.05 	779	
70.0547 	662	
70.0594 	653	
70.0641 	641	
70.0687 	597	
70.0734 	596	
70.0781 	578	
70.0828 	590	
70.0875 	510	
70.0922 	572	
70.0969 	508	
70.1016 	513	
70.1062 	496	
70.1109 	504	
70.1156 	574	
70.1203 	491	
70.125 	537	
70.1297 	530	
70.1344 	521	
70.1391 	489	
70.1438 	533	
70.1484 	473	
70.1531 	539	
70.1578 	522	
70.1625 	516	
70.1672 	494	
70.1719 	491	
70.1766 	532	
70.1813 	484	
70.1859 	513	
70.1906 	535	
70.1953 	432	
70.2 	488	
70.2047 	484	
70.2094 	547	
70.2141 	481	
70.2187 	512	
70.2234 	522	
70.2281 	516	
70.2328 	494	
70.2375 	483	
70.2422 	507	
70.2469 	489	
70.2516 	487	
70.2562 	521	
70.2609 	450	
70.2656 	469	
70.2703 	487	
70.275 	474	
70.2797 	497	
70.2844 	473	
70.2891 	499	
70.2938 	507	
70.2984 	498	
70.3031 	494	
70.3078 	481	
70.3125 	507	
70.3172 	466	
70.3219 	461	
70.3266 	558	
70.3313 	507	
70.3359 	505	
70.3406 	507	
70.3453 	477	
70.35 	492	
70.3547 	483	
70.3594 	513	
70.3641 	481	
70.3688 	539	
70.3734 	468	
70.3781 	516	
70.3828 	481	
70.3875 	483	
70.3922 	451	
70.3969 	481	
70.4016 	503	
70.4062 	511	
70.4109 	496	
70.4156 	476	
70.4203 	518	
70.425 	497	
70.4297 	532	
70.4344 	498	
70.4391 	493	
70.4437 	496	
70.4484 	519	
70.4531 	512	
70.4578 	497	
70.4625 	488	
70.4672 	517	
70.4719 	526	
70.4766 	465	
70.4813 	529	
70.4859 	535	
70.4906 	496	
70.4953 	500	
70.5 	502	
70.5047 	484	
70.5094 	566	
70.5141 	499	
70.5188 	493	
70.5234 	504	
70.5281 	496	
70.5328 	485	
70.5375 	491	
70.5422 	533	
70.5469 	522	
70.5516 	538	
70.5562 	491	
70.5609 	515	
70.5656 	522	
70.5703 	509	
70.575 	494	
70.5797 	486	
70.5844 	547	
70.5891 	491	
70.5937 	546	
70.5984 	506	
70.6031 	500	
70.6078 	479	
70.6125 	459	
70.6172 	507	
70.6219 	475	
70.6266 	489	
70.6312 	473	
70.6359 	514	
70.6406 	484	
70.6453 	557	
70.65 	507	
70.6547 	516	
70.6594 	526	
70.6641 	519	
70.6688 	483	
70.6734 	500	
70.6781 	494	
70.6828 	484	
70.6875 	532	
70.6922 	522	
70.6969 	500	
70.7016 	494	
70.7063 	511	
70.7109 	478	
70.7156 	495	
70.7203 	474	
70.725 	476	
70.7297 	518	
70.7344 	489	
70.7391 	491	
70.7437 	499	
70.7484 	526	
70.7531 	505	
70.7578 	517	
70.7625 	494	
70.7672 	557	
70.7719 	498	
70.7766 	493	
70.7812 	454	
70.7859 	520	
70.7906 	520	
70.7953 	515	
70.8 	492	
70.8047 	540	
70.8094 	485	
70.8141 	471	
70.8188 	492	
70.8234 	501	
70.8281 	528	
70.8328 	475	
70.8375 	504	
70.8422 	501	
70.8469 	512	
70.8516 	493	
70.8563 	490	
70.8609 	490	
70.8656 	462	
70.8703 	498	
70.875 	495	
70.8797 	510	
70.8844 	496	
70.8891 	490	
70.8938 	462	
70.8984 	487	
70.9031 	506	
70.9078 	514	
70.9125 	481	
70.9172 	521	
70.9219 	484	
70.9266 	513	
70.9312 	516	
70.9359 	477	
70.9406 	555	
70.9453 	494	
70.95 	503	
70.9547 	531	
70.9594 	462	
70.9641 	529	
70.9687 	468	
70.9734 	487	
70.9781 	500	
70.9828 	527	
70.9875 	498	
70.9922 	505	
70.9969 	493	
71.0016 	541	
71.0063 	548	
71.0109 	542	
71.0156 	495	
71.0203 	510	
71.025 	504	
71.0297 	522	
71.0344 	519	
71.0391 	500	
71.0438 	492	
71.0484 	492	
71.0531 	533	
71.0578 	498	
71.0625 	546	
71.0672 	494	
71.0719 	494	
71.0766 	530	
71.0812 	503	
71.0859 	536	
71.0906 	491	
71.0953 	517	
71.1 	497	
71.1047 	492	
71.1094 	493	
71.1141 	484	
71.1187 	465	
71.1234 	556	
71.1281 	511	
71.1328 	559	
71.1375 	505	
71.1422 	492	
71.1469 	545	
71.1516 	580	
71.1562 	487	
71.1609 	526	
71.1656 	542	
71.1703 	501	
71.175 	520	
71.1797 	472	
71.1844 	530	
71.1891 	481	
71.1938 	496	
71.1984 	494	
71.2031 	512	
71.2078 	516	
71.2125 	500	
71.2172 	515	
71.2219 	526	
71.2266 	486	
71.2313 	482	
71.2359 	540	
71.2406 	523	
71.2453 	511	
71.25 	490	
71.2547 	508	
71.2594 	509	
71.2641 	515	
71.2687 	512	
71.2734 	485	
71.2781 	534	
71.2828 	504	
71.2875 	520	
71.2922 	490	
71.2969 	520	
71.3016 	496	
71.3062 	508	
71.3109 	522	
71.3156 	498	
71.3203 	511	
71.325 	479	
71.3297 	518	
71.3344 	515	
71.3391 	534	
71.3437 	486	
71.3484 	511	
71.3531 	480	
71.3578 	593	
71.3625 	512	
71.3672 	530	
71.3719 	492	
71.3766 	495	
71.3813 	513	
71.3859 	485	
71.3906 	473	
71.3953 	494	
71.4 	473	
71.4047 	514	
71.4094 	534	
71.4141 	492	
71.4188 	507	
71.4234 	497	
71.4281 	511	
71.4328 	502	
71.4375 	480	
71.4422 	507	
71.4469 	499	
71.4516 	492	
71.4562 	498	
71.4609 	531	
71.4656 	496	
71.4703 	560	
71.475 	534	
71.4797 	509	
71.4844 	542	
71.4891 	487	
71.4937 	577	
71.4984 	488	
71.5031 	498	
71.5078 	538	
71.5125 	476	
71.5172 	496	
71.5219 	500	
71.5266 	489	
71.5313 	539	
71.5359 	507	
71.5406 	496	
71.5453 	504	
71.55 	523	
71.5547 	528	
71.5594 	493	
71.5641 	506	
71.5688 	465	
71.5734 	477	
71.5781 	503	
71.5828 	497	
71.5875 	486	
71.5922 	561	
71.5969 	455	
71.6016 	433	
71.6062 	528	
71.6109 	514	
71.6156 	488	
71.6203 	498	
71.625 	518	
71.6297 	472	
71.6344 	459	
71.6391 	537	
71.6437 	511	
71.6484 	483	
71.6531 	511	
71.6578 	493	
71.6625 	466	
71.6672 	506	
71.6719 	497	
71.6766 	511	
71.6812 	506	
71.6859 	522	
71.6906 	548	
71.6953 	485	
71.7 	513	
71.7047 	517	
71.7094 	505	
71.7141 	532	
71.7188 	530	
71.7234 	539	
71.7281 	546	
71.7328 	488	
71.7375 	516	
71.7422 	499	
71.7469 	514	
71.7516 	512	
71.7563 	524	
71.7609 	521	
71.7656 	521	
71.7703 	524	
71.775 	465	
71.7797 	539	
71.7844 	527	
71.7891 	603	
71.7937 	460	
71.7984 	528	
71.8031 	564	
71.8078 	511	
71.8125 	522	
71.8172 	490	
71.8219 	539	
71.8266 	559	
71.8312 	521	
71.8359 	502	
71.8406 	524	
71.8453 	526	
71.85 	501	
71.8547 	528	
71.8594 	544	
71.8641 	494	
71.8687 	527	
71.8734 	481	
71.8781 	512	
71.8828 	533	
71.8875 	560	
71.8922 	543	
71.8969 	500	
71.9016 	531	
71.9063 	510	
71.9109 	509	
71.9156 	553	
71.9203 	551	
71.925 	573	
71.9297 	496	
71.9344 	502	
71.9391 	525	
71.9438 	544	
71.9484 	524	
71.9531 	555	
71.9578 	510	
71.9625 	589	
71.9672 	506	
71.9719 	567	
71.9766 	562	
71.9812 	565	
71.9859 	546	
71.9906 	529	
71.9953 	506	
72 	565	
72.0047 	528	
72.0094 	557	
72.0141 	522	
72.0187 	561	
72.0234 	525	
72.0281 	507	
72.0328 	514	
72.0375 	568	
72.0422 	539	
72.0469 	521	
72.0516 	563	
72.0563 	558	
72.0609 	552	
72.0656 	557	
72.0703 	538	
72.075 	523	
72.0797 	506	
72.0844 	530	
72.0891 	535	
72.0938 	566	
72.0984 	564	
72.1031 	559	
72.1078 	584	
72.1125 	568	
72.1172 	571	
72.1219 	562	
72.1266 	566	
72.1313 	564	
72.1359 	576	
72.1406 	577	
72.1453 	596	
72.15 	583	
72.1547 	563	
72.1594 	587	
72.1641 	558	
72.1687 	616	
72.1734 	565	
72.1781 	608	
72.1828 	600	
72.1875 	540	
72.1922 	585	
72.1969 	640	
72.2016 	590	
72.2062 	615	
72.2109 	629	
72.2156 	607	
72.2203 	640	
72.225 	536	
72.2297 	592	
72.2344 	603	
72.2391 	662	
72.2438 	715	
72.2484 	685	
72.2531 	636	
72.2578 	634	
72.2625 	636	
72.2672 	691	
72.2719 	687	
72.2766 	659	
72.2813 	677	
72.2859 	678	
72.2906 	766	
72.2953 	725	
72.3 	767	
72.3047 	725	
72.3094 	730	
72.3141 	703	
72.3187 	801	
72.3234 	715	
72.3281 	755	
72.3328 	827	
72.3375 	777	
72.3422 	800	
72.3469 	780	
72.3516 	812	
72.3562 	839	
72.3609 	846	
72.3656 	885	
72.3703 	906	
72.375 	913	
72.3797 	949	
72.3844 	912	
72.3891 	974	
72.3937 	1081	
72.3984 	971	
72.4031 	1069	
72.4078 	1086	
72.4125 	1112	
72.4172 	1105	
72.4219 	1165	
72.4266 	1151	
72.4313 	1250	
72.4359 	1248	
72.4406 	1276	
72.4453 	1263	
72.45 	1340	
72.4547 	1324	
72.4594 	1337	
72.4641 	1453	
72.4688 	1505	
72.4734 	1422	
72.4781 	1684	
72.4828 	1550	
72.4875 	1636	
72.4922 	1738	
72.4969 	1711	
72.5016 	1823	
72.5062 	1772	
72.5109 	1968	
72.5156 	2035	
72.5203 	2012	
72.525 	2182	
72.5297 	2216	
72.5344 	2290	
72.5391 	2321	
72.5437 	2534	
72.5484 	2505	
72.5531 	2611	
72.5578 	2668	
72.5625 	2884	
72.5672 	2913	
72.5719 	3037	
72.5766 	3315	
72.5813 	3232	
72.5859 	3397	
72.5906 	3651	
72.5953 	3581	
72.6 	3682	
72.6047 	3898	
72.6094 	4029	
72.6141 	4277	
72.6188 	4187	
72.6234 	4401	
72.6281 	4635	
72.6328 	4623	
72.6375 	4930	
72.6422 	4926	
72.6469 	5017	
72.6516 	5287	
72.6563 	5479	
72.6609 	5478	
72.6656 	5812	
72.6703 	5940	
72.675 	5966	
72.6797 	5960	
72.6844 	6222	
72.6891 	6660	
72.6937 	6379	
72.6984 	6713	
72.7031 	6806	
72.7078 	7168	
72.7125 	7189	
72.7172 	7148	
72.7219 	7197	
72.7266 	7435	
72.7312 	7250	
72.7359 	7690	
72.7406 	7524	
72.7453 	7471	
72.75 	7544	
72.7547 	7645	
72.7594 	7767	
72.7641 	7668	
72.7688 	7770	
72.7734 	7607	
72.7781 	7507	
72.7828 	7351	
72.7875 	7540	
72.7922 	7357	
72.7969 	7349	
72.8016 	7058	
72.8063 	7034	
72.8109 	6991	
72.8156 	6671	
72.8203 	6525	
72.825 	6259	
72.8297 	6407	
72.8344 	5959	
72.8391 	5979	
72.8437 	5638	
72.8484 	5483	
72.8531 	5259	
72.8578 	4989	
72.8625 	4936	
72.8672 	4504	
72.8719 	4780	
72.8766 	4195	
72.8812 	4147	
72.8859 	3837	
72.8906 	3803	
72.8953 	3567	
72.9 	3292	
72.9047 	3129	
72.9094 	2987	
72.9141 	2677	
72.9187 	2536	
72.9234 	2516	
72.9281 	2194	
72.9328 	2126	
72.9375 	1813	
72.9422 	1864	
72.9469 	1597	
72.9516 	1575	
72.9563 	1375	
72.9609 	1374	
72.9656 	1098	
72.9703 	1069	
72.975 	939	
72.9797 	868	
72.9844 	809	
72.9891 	746	
72.9938 	673	
72.9984 	592	
73.0031 	527	
73.0078 	480	
73.0125 	442	
73.0172 	352	
73.0219 	389	
73.0266 	356	
73.0312 	264	
73.0359 	279	
73.0406 	231	
73.0453 	237	
73.05 	169	
73.0547 	195	
73.0594 	150	
73.0641 	110	
73.0687 	129	
73.0734 	116	
73.0781 	103	
73.0828 	102	
73.0875 	72	
73.0922 	78	
73.0969 	69	
73.1016 	63	
73.1062 	43	
73.1109 	47	
73.1156 	32	
73.1203 	30	
73.125 	32	
73.1297 	23	
73.1344 	31	
73.1391 	16	
73.1438 	15	
73.1484 	13	
73.1531 	8	
73.1578 	10	
73.1625 	7	
73.1672 	5	
73.1719 	8	
73.1766 	3	
73.1813 	6	
73.1859 	5	
73.1906 	6	
73.1953 	3	
73.2 	4	
73.2047 	1	
73.2141 	1	
73.2187 	4	
73.2234 	2	
73.2281 	1	
73.2328 	1	
73.2422 	2	
73.2469 	1	
73.275 	1	
73.2797 	1	
73.2844 	1	
73.3125 	1	
73.3313 	1	
73.3734 	2	
73.3781 	1	
73.3875 	1	
73.3922 	1	
73.3969 	1	
73.4156 	1	
73.4344 	1	
73.4484 	1	
73.5094 	1	
73.5188 	1	
73.5281 	4	
73.5469 	1	
73.5797 	1	
73.6078 	1	
73.6172 	1	
73.6922 	1	
73.7203 	1	
73.7625 	1	
73.8141 	1	
73.8328 	1	
73.9031 	1	
73.9547 	1	
74.0297 	1	
74.0391 	3	
74.1187 	1	
74.1281 	1	
74.2031 	1	
74.2641 	1	
74.3016 	3	
74.325 	1	
74.3344 	1	
74.5594 	4	
74.5688 	8	
74.5781 	9	
74.5875 	5	
74.6016 	8	
74.6109 	13	
74.6203 	9	
74.6297 	13	
74.6391 	13	
74.6531 	10	
74.6625 	15	
74.6719 	18	
74.6812 	20	
74.6906 	17	
74.7 	28	
74.7141 	24	
74.7234 	17	
74.7328 	22	
74.7422 	19	
74.7516 	38	
74.7609 	21	
74.775 	25	
74.7844 	13	
74.7937 	16	
74.8031 	16	
74.8125 	8	
74.8266 	11	
74.8359 	4	
74.8453 	3	
74.8547 	2	
74.8641 	1	
74.8734 	1	
74.8875 	2	
74.9063 	5	
74.925 	2	
74.9484 	2	
74.9578 	1	
74.9672 	2	
74.9766 	4	
74.9859 	2	
75 	1	
75.0187 	2	
75.0281 	2	
75.0375 	2	
75.0469 	1	
75.0609 	1	
75.0703 	1	
75.0797 	3	
75.0891 	4	
75.0984 	3	
75.1125 	3	
75.1219 	5	
75.1312 	3	
75.1406 	5	
75.15 	4	
75.1594 	2	
75.1734 	3	
75.1828 	4	
75.1922 	2	
75.2016 	9	
75.2109 	11	
75.225 	4	
75.2344 	9	
75.2438 	4	
75.2531 	6	
75.2625 	3	
75.2719 	10	
75.2859 	2	
75.2953 	3	
75.3047 	1	
75.3141 	4	
75.3234 	3	
75.3328 	3	
75.3469 	7	
75.3562 	1	
75.375 	2	
75.3844 	1	
75.4078 	2	
75.4172 	2	
75.4266 	1	
75.4453 	1	
75.4781 	1	
75.4969 	2	
75.5484 	1	
75.5578 	1	
75.5906 	2	
75.6422 	1	
75.6516 	1	
75.6609 	1	
75.6937 	3	
75.7219 	1	
75.7312 	1	
75.7547 	1	
75.7734 	1	
75.8063 	1	
75.8156 	2	
75.825 	1	
75.8344 	1	
75.8437 	1	
75.8578 	1	
75.8859 	1	
75.8953 	1	
75.9094 	2	
75.9469 	2	
75.9797 	1	
75.9891 	1	
